1014
977 133 96
763 153 310
618 277 159
35 69 228
155 20 334
515 304 373
963 59 28
893 301 283
196 249 361
850 324 340
215 332 233
619 179 230
953 224 13
161 361 58
2 170 203
5 53 152
11 385 142
16 228 81
19 288 388
23 341 85
29 353 32
36 244 74
40 19 98
49 350 319
56 375 176
59 190 26
64 354 94
77 286 361
79 391 384
87 243 325
97 359 230
98 333 10
106 342 51
114 79 337
118 210 264
119 368 17
138 289 59
156 364 270
157 340 309
160 210 385
166 170 21
175 244 337
182 253 81
191 374 294
200 358 342
203 307 243
210 319 273
221 348 354
229 48 317
231 74 380
233 67 352
242 16 147
245 12 368
249 15 10
250 30 70
260 43 143
263 353 362
288 170 185
300 16 39
303 378 274
304 380 17
306 367 260
315 39 345
318 175 393
339 5 362
341 84 395
343 239 284
354 395 10
359 367 107
364 12 283
391 302 56
400 5 63
408 16 169
409 197 46
418 205 18
428 275 380
431 66 369
444 261 279
445 137 391
448 36 303
453 3 14
454 323 75
475 286 270
476 353 301
480 273 49
482 110 391
488 385 252
508 290 15
513 58 138
517 263 51
520 260 326
521 202 229
526 251 283
528 195 375
534 297 69
537 359 14
542 16 311
543 278 252
560 342 74
566 283 314
567 46 63
579 26 11
580 357 204
583 391 324
584 392 275
591 375 130
598 228 350
605 184 203
607 384 32
620 43 359
624 353 71
645 317 301
648 268 255
651 191 385
652 20 271
656 23 299
666 45 327
680 228 47
685 372 33
691 36 78
692 31 28
698 258 342
705 339 120
707 381 377
709 19 124
715 271 313
718 38 107
741 369 82
744 202 367
746 95 171
747 232 215
750 245 33
751 389 286
758 228 245
762 257 258
766 248 235
780 29 53
794 313 24
805 372 184
818 383 50
820 98 373
826 212 369
852 386 73
854 255 244
855 197 140
857 353 335
864 363 27
868 332 383
872 369 199
874 335 395
881 76 145
884 235 224
885 96 387
919 155 193
928 48 171
932 4 137
955 5 298
957 14 109
960 375 244
968 277 30
973 20 387
984 323 16
986 329 273
1003 385 357
1004 4 195
1013 47 124
3 231 102
4 273 23
10 165 170
15 164 220
17 289 238
27 250 312
50 380 101
53 394 391
81 370 310
84 396 34
86 244 264
90 12 379
99 358 391
102 175 175
109 112 364
128 333 297
131 382 367
143 11 252
148 302 340
154 325 201
173 79 45
178 63 392
181 367 143
185 194 216
187 67 150
192 394 203
223 327 371
232 29 157
237 185 14
239 238 395
243 34 164
248 391 371
256 225 258
265 223 284
267 395 22
268 368 134
277 265 302
280 397 118
289 263 30
297 349 5
316 307 8
319 71 10
322 45 396
323 31 365
327 394 168
329 142 206
331 234 386
346 131 205
348 260 378
373 388 174
374 201 205
387 270 344
392 279 394
398 296 6
402 309 332
416 207 244
425 236 269
427 324 284
437 221 226
438 262 392
447 223 360
451 303 25
457 369 300
459 365 226
468 33 394
473 318 99
477 236 209
479 14 353
486 216 192
490 357 42
491 249 95
498 50 335
502 310 60
504 11 290
533 392 210
557 344 127
572 288 39
574 387 105
596 42 16
597 177 31
599 360 242
600 359 356
601 27 316
604 381 388
606 354 122
611 197 29
615 47 116
617 105 3
623 244 57
626 391 138
634 62 336
649 38 46
654 376 302
660 274 284
664 380 4
668 373 90
673 7 149
676 321 388
693 79 364
699 34 180
700 6 273
708 206 34
712 3 387
735 25 291
738 296 322
740 232 263
742 264 237
755 198 55
768 274 70
769 245 49
779 236 75
783 373 153
789 374 316
790 326 86
797 380 220
800 364 380
804 332 214
816 310 86
819 361 294
828 325 96
829 342 111
834 316 251
838 201 238
842 6 210
846 28 43
862 391 114
873 349 212
875 287 4
889 242 102
892 367 156
898 326 67
906 312 76
909 189 189
910 91 26
911 345 389
914 117 185
930 352 106
934 368 211
944 360 368
956 382 326
958 189 43
972 109 181
976 2 108
979 208 181
995 332 265
998 222 344
999 35 22
1012 160 180
0 128 195
6 397 306
7 393 188
20 14 50
21 213 344
31 43 133
39 384 115
47 67 142
51 215 250
54 241 316
57 348 26
58 226 198
72 316 391
74 382 281
75 114 374
78 371 329
82 270 397
91 106 361
100 320 81
105 284 51
107 211 202
123 335 357
124 395 57
126 284 74
134 2 49
139 338 326
140 89 2
147 353 284
150 349 310
152 366 290
159 384 293
162 5 323
167 35 60
170 266 36
174 388 121
176 279 368
179 330 102
186 347 287
193 372 394
201 332 30
204 228 116
251 254 305
259 292 46
261 83 29
269 344 372
271 7 172
272 9 347
276 380 79
284 393 342
285 94 358
286 84 164
290 258 317
295 3 86
298 28 177
307 158 211
314 18 195
324 245 248
325 185 32
326 380 314
338 186 181
345 275 271
350 298 242
352 28 126
355 333 253
362 396 129
371 224 218
377 333 63
380 342 256
397 23 397
399 314 5
401 362 175
404 60 309
414 232 345
420 314 296
421 252 60
424 296 331
426 365 328
440 177 203
441 306 33
460 197 9
462 336 371
472 363 8
478 266 79
484 59 300
485 384 228
489 208 359
497 390 99
499 55 352
500 99 365
510 222 241
511 145 199
522 13 159
529 346 205
539 294 303
554 80 36
562 394 84
564 17 89
570 396 264
573 254 275
576 13 186
578 374 229
581 64 156
589 275 5
592 250 267
614 373 380
616 26 164
630 293 233
631 20 27
632 217 233
633 48 363
638 119 393
640 32 94
650 237 56
655 349 229
659 367 374
667 222 66
670 375 268
671 285 341
686 212 32
695 355 263
702 113 381
711 242 376
713 272 244
719 263 17
721 212 130
724 359 136
725 6 116
729 204 54
749 45 79
756 210 67
764 16 204
773 235 372
784 361 313
791 377 340
801 347 247
813 310 354
814 207 210
837 125 397
845 388 303
847 366 245
848 137 199
851 191 206
858 258 88
860 366 336
863 357 148
866 293 24
867 64 325
870 202 262
871 214 211
887 46 343
888 56 371
890 237 338
899 224 396
901 5 311
905 350 116
907 297 347
925 85 343
929 292 255
948 326 304
962 235 3
983 397 271
990 51 348
994 165 7
1001 367 43
1007 145 222
12 112 190
13 266 269
14 4 182
24 16 76
25 342 394
26 9 307
28 209 1
38 292 341
60 71 321
63 208 222
65 58 145
70 391 351
73 227 330
80 315 47
83 202 196
89 339 103
95 67 362
96 284 244
104 211 37
110 353 131
112 340 359
113 325 221
116 314 327
117 375 364
121 41 298
127 96 178
129 212 49
130 321 318
133 155 2
151 35 102
158 233 42
163 377 68
164 55 327
169 275 39
171 325 393
177 262 287
188 20 186
190 105 374
194 50 160
197 393 225
205 335 279
206 217 52
212 20 2
214 368 392
216 318 64
218 16 56
222 306 230
228 291 30
236 219 217
240 85 369
241 349 43
253 240 256
254 70 328
258 293 297
266 350 10
273 190 169
275 252 336
287 94 350
292 54 304
294 374 106
299 394 2
302 377 370
305 22 44
310 281 265
320 169 4
332 338 265
344 121 387
357 40 373
360 370 232
365 84 378
368 38 138
370 279 357
372 387 280
388 345 31
389 389 194
403 349 368
406 260 69
412 23 143
413 318 246
415 2 147
422 142 193
430 387 80
432 370 148
434 10 58
435 181 157
436 335 18
439 3 241
443 280 3
446 332 96
452 204 375
456 302 93
458 24 65
464 329 366
466 259 230
471 175 382
487 130 395
493 255 50
501 310 232
505 355 239
518 107 16
524 28 94
530 50 139
531 270 16
536 361 123
540 127 210
544 205 41
545 66 52
546 348 98
547 394 246
548 337 108
550 61 5
553 99 24
556 342 26
558 254 37
586 11 96
594 192 5
603 325 54
610 56 342
625 391 244
629 371 338
635 250 391
637 219 388
639 360 100
641 302 12
643 8 386
647 381 155
663 288 333
672 208 28
675 35 90
677 324 377
678 331 80
681 366 120
688 8 107
701 328 288
716 23 70
717 302 47
722 219 79
726 329 56
727 387 230
730 66 331
734 215 21
736 241 42
737 20 34
743 394 329
748 371 349
760 180 214
774 231 381
777 364 151
785 199 217
787 388 389
793 373 14
796 362 90
798 238 14
799 256 313
803 76 386
809 359 69
822 108 175
823 331 88
825 392 315
827 338 204
831 253 271
833 23 50
865 1 22
876 24 359
880 8 158
891 99 1
900 221 382
902 324 297
903 29 170
913 13 247
917 153 182
918 41 385
920 36 385
926 267 368
927 22 306
931 141 214
935 374 190
936 326 315
938 167 217
946 42 67
951 315 16
954 183 4
959 214 378
970 51 132
975 388 222
981 34 268
982 81 385
991 12 274
993 337 218
1009 273 363
1 61 319
8 10 30
9 163 21
18 387 203
32 366 176
34 234 113
41 221 75
43 195 204
45 320 45
46 1 340
48 345 41
52 136 211
55 325 321
61 353 83
68 316 262
69 110 186
71 243 39
85 59 316
88 65 357
94 380 290
103 173 212
111 21 202
115 280 41
120 247 242
125 7 69
142 363 254
145 290 381
146 237 7
153 176 182
165 204 220
168 264 283
189 35 375
198 209 54
199 63 51
208 330 353
209 45 286
211 40 62
220 189 20
227 107 372
235 392 121
246 342 262
255 313 97
278 16 118
279 357 29
282 67 378
283 78 11
296 285 349
301 385 209
308 397 161
309 58 320
317 232 291
321 10 317
330 207 255
335 240 220
336 335 41
337 365 219
342 394 219
349 54 162
351 224 206
356 337 64
369 51 296
375 137 215
376 16 360
378 311 264
379 380 232
383 389 362
384 290 326
390 369 179
393 187 160
395 332 391
410 69 42
411 151 207
417 236 97
419 208 60
423 52 75
429 230 239
449 224 380
461 11 299
463 263 62
465 55 56
467 390 299
469 370 98
470 368 384
474 88 161
481 207 391
495 301 259
503 35 294
506 393 147
512 232 62
516 246 390
519 298 246
532 268 294
541 249 41
549 344 243
555 5 126
559 54 158
563 267 67
568 377 161
569 253 388
575 210 122
582 58 164
588 354 38
590 335 124
595 396 357
608 92 392
609 223 249
613 386 215
622 183 10
627 327 362
636 364 96
653 20 142
657 318 384
658 33 48
661 224 121
662 297 33
665 196 228
674 280 21
684 333 196
687 293 243
689 182 41
690 214 352
694 297 50
696 253 42
703 76 356
704 15 256
714 310 103
720 377 143
723 317 9
728 54 127
731 290 304
745 44 20
765 286 79
771 258 75
775 10 189
781 369 1
788 248 290
792 39 328
795 255 392
802 293 329
812 9 132
817 251 3
821 197 257
832 307 326
835 223 53
840 216 354
844 172 192
849 342 295
859 271 358
869 385 308
877 206 371
878 380 170
886 320 53
895 297 396
896 236 46
897 342 1
908 187 238
915 322 323
923 310 32
937 347 190
941 197 397
942 4 99
943 245 307
947 345 380
949 382 300
966 38 376
967 23 36
969 53 288
974 180 169
978 369 48
980 304 256
997 213 189
1005 102 397
1011 171 166
22 325 264
30 348 18
33 371 70
37 183 184
42 193 42
44 68 394
62 234 30
66 389 129
67 34 141
76 398 356
92 0 292
93 313 63
101 314 102
108 373 367
122 399 322
132 179 161
135 243 295
136 369 4
137 377 181
141 348 244
144 385 192
149 41 339
172 164 20
180 267 295
183 53 298
184 338 91
195 82 348
202 162 187
207 267 349
213 26 261
217 17 281
219 379 321
224 368 279
225 50 45
226 109 359
230 236 300
234 163 212
238 328 99
244 249 22
247 377 359
252 151 1
257 109 383
262 339 304
264 344 345
270 396 317
274 376 354
281 354 233
291 211 364
293 30 1
311 315 209
312 398 197
313 78 22
328 377 358
333 248 26
334 361 262
340 387 112
347 384 271
353 238 243
358 365 168
361 329 376
363 34 132
366 383 231
367 317 320
381 205 350
382 54 9
385 378 111
386 220 396
394 19 150
396 219 123
405 353 18
407 320 55
433 308 321
442 284 325
450 6 99
455 255 92
483 271 295
492 395 178
494 96 27
496 167 396
507 224 278
509 122 390
514 66 338
523 356 197
525 59 346
527 8 4
535 54 124
538 9 324
551 391 233
552 180 380
561 324 4
565 241 214
571 8 9
577 127 384
585 31 279
587 46 164
593 387 256
602 15 300
612 333 110
621 366 186
628 228 280
642 236 277
644 3 290
646 169 161
669 40 309
679 206 190
682 43 178
683 322 288
697 325 47
706 224 85
710 97 20
732 349 395
733 210 395
739 19 369
752 279 338
753 24 380
754 242 270
757 352 66
759 188 185
761 346 0
767 274 289
770 198 37
772 201 353
776 222 261
778 283 321
782 363 304
786 204 180
806 385 383
807 31 4
808 242 60
810 33 105
811 293 399
815 282 2
824 244 27
830 365 10
836 349 365
839 2 349
841 34 121
843 220 23
853 190 174
856 234 339
861 376 148
879 369 162
882 322 68
883 263 307
894 371 249
904 309 263
912 312 263
916 78 8
921 40 60
922 117 255
924 95 367
933 57 324
939 12 200
940 381 110
945 365 49
950 220 231
952 238 320
961 230 232
964 180 386
965 30 287
971 241 239
985 292 33
987 28 106
988 337 381
989 342 133
992 44 377
996 189 179
1000 304 321
1002 316 39
1006 1 260
1008 244 19
1010 50 149
