1123
168 387 300
206 555 405
1062 1085 869
293 712 691
651 322 902
36 983 966
393 63 147
74 958 637
1105 115 308
312 803 1072
438 91 58
577 1116 1102
679 122 934
1000 973 236
241 546 1153
243 1061 75
498 1023 1160
838 804 200
934 393 604
1088 813 1156
259 782 568
397 53 843
981 1119 273
42 776 342
99 607 258
474 700 469
992 1107 632
1056 167 1041
208 855 359
276 254 994
279 149 430
371 894 905
540 233 214
553 814 25
953 425 880
6 493 938
112 83 409
262 169 274
311 172 165
546 1023 1061
664 590 1050
785 17 955
829 856 553
913 603 936
55 144 576
61 944 11
294 874 1024
300 250 1178
432 1186 487
530 698 1033
536 499 286
768 558 503
834 1183 372
180 1117 957
412 707 29
559 112 717
696 963 832
731 676 166
786 477 265
790 1176 754
902 458 1052
929 299 1077
1026 21 707
25 139 733
91 110 751
105 327 1102
174 818 842
344 957 140
465 607 805
586 894 1035
862 1181 1061
869 330 95
1066 652 145
184 782 818
299 511 259
479 678 37
545 928 108
612 647 178
689 986 803
831 1164 725
1068 487 1038
1092 999 833
1095 328 1064
1106 270 662
122 1186 464
245 1174 1026
319 274 1182
403 717 1011
477 343 64
762 963 102
797 612 777
844 306 67
972 388 413
976 923 147
1111 23 282
154 680 1020
337 1036 810
383 448 1083
433 14 739
837 1182 345
33 688 9
166 1149 760
188 286 1107
271 845 464
278 823 489
380 811 811
491 797 440
650 781 845
704 480 1076
761 302 105
763 842 437
904 626 823
1047 440 1035
1102 642 788
20 140 708
164 187 147
485 720 1048
712 855 488
769 228 69
855 685 141
1015 895 1008
1073 411 426
1109 1194 735
7 4 970
23 619 953
31 586 952
39 619 923
69 161 147
71 587 920
87 593 828
88 928 26
93 682 1050
98 233 1166
102 1195 767
126 962 24
170 803 862
177 237 626
182 150 758
200 829 864
215 864 1045
226 409 864
235 36 728
248 5 691
269 1170 389
291 723 8
296 586 786
303 438 42
318 354 91
322 437 1065
326 308 1113
334 259 687
361 234 1195
373 1143 717
406 1188 715
422 440 20
430 348 108
440 233 686
449 1140 161
454 418 399
457 361 392
487 980 849
504 650 821
514 484 727
557 454 11
564 674 542
576 266 636
593 289 648
601 1143 736
609 171 21
613 183 61
635 271 809
659 862 1007
660 37 553
680 661 568
683 625 580
705 441 863
706 9 298
709 1123 617
726 234 666
741 35 748
751 449 158
755 800 492
783 191 178
793 950 805
804 681 189
806 325 53
810 41 613
854 466 1028
872 630 617
899 442 896
910 458 471
912 4 944
940 248 651
944 1145 141
950 1145 187
955 1190 118
956 370 405
984 514 299
993 800 461
1012 941 158
1021 913 125
1035 507 691
1050 500 733
1055 175 39
1060 212 84
1063 235 757
1064 450 48
1065 416 10
1082 275 467
1098 6 580
9 622 245
12 35 692
13 916 91
15 986 608
28 440 535
136 1193 150
138 523 202
151 516 149
157 94 735
160 364 425
189 818 466
207 707 6
212 687 1176
217 940 91
218 233 18
227 246 740
230 476 39
275 118 1181
284 13 623
285 410 896
292 18 244
297 403 482
306 1093 615
313 298 622
320 282 629
328 1199 355
330 486 174
331 468 178
340 908 919
351 132 756
357 1168 1076
376 778 864
377 265 1195
387 266 1162
405 303 281
411 759 356
416 729 1127
462 586 804
463 467 675
467 162 64
475 198 50
476 276 743
481 288 764
483 254 776
493 243 472
499 34 595
501 631 544
505 693 549
508 643 562
522 616 605
525 48 267
529 46 308
561 14 312
565 5 250
568 28 971
615 264 621
622 4 725
624 153 1056
630 516 175
644 881 918
666 240 979
673 820 430
675 726 43
676 1192 1077
697 1190 1016
710 826 819
714 984 471
721 690 1159
745 720 1144
756 973 127
772 973 154
784 946 120
796 989 661
798 229 39
800 207 33
801 201 72
825 227 95
832 632 143
850 635 162
867 248 818
917 200 540
954 242 524
977 318 117
1024 879 1050
1039 132 1170
1044 84 1121
1048 6 607
1074 701 587
1079 680 579
1080 13 266
1121 452 503
45 1171 114
52 439 730
54 53 619
67 403 519
81 622 270
82 442 134
92 474 195
104 96 704
106 156 177
111 949 792
118 971 791
124 761 329
133 655 1151
140 936 132
142 155 41
159 676 1039
175 422 25
192 402 542
219 449 519
224 470 484
238 231 648
255 1186 171
304 181 1055
314 503 184
336 787 1183
390 359 414
395 301 321
399 974 819
400 940 395
452 1012 413
453 1034 431
458 1156 743
471 678 1145
528 653 1198
535 518 726
544 486 712
555 466 731
610 147 90
621 186 96
625 664 185
626 962 6
633 217 801
636 200 502
684 61 1122
687 109 1125
724 495 1067
737 470 1090
742 696 570
747 46 245
748 391 467
754 414 473
764 417 493
776 387 483
780 299 661
799 1177 501
818 444 188
820 494 251
826 857 426
835 826 455
856 949 850
858 946 821
864 1014 472
870 987 453
879 668 1159
889 698 1140
890 669 1127
895 610 833
900 623 792
908 454 705
911 530 758
925 217 20
949 236 829
951 256 760
962 221 741
967 426 41
982 404 43
997 468 55
999 275 549
1010 216 503
1011 359 115
1013 100 1103
1018 99 1156
1027 44 541
1049 61 563
1052 26 570
1059 24 587
1112 66 625
3 452 1026
18 716 456
35 1138 176
37 357 381
38 717 1177
44 412 51
46 248 486
57 149 1110
63 431 1054
94 38 260
103 445 476
130 31 940
132 25 820
134 525 136
141 503 197
162 501 169
176 94 762
187 832 425
190 1195 1047
197 815 866
201 1019 401
220 787 358
223 789 329
225 1163 771
240 642 1140
258 662 1184
266 732 1181
280 436 702
287 498 747
310 926 0
347 693 1009
363 290 798
382 299 812
398 268 824
402 215 811
409 479 18
420 214 555
428 218 544
431 358 53
436 293 121
443 65 1139
496 493 1083
509 667 593
531 698 609
543 650 581
548 687 620
572 43 287
578 402 505
582 446 461
588 387 516
592 417 547
604 468 526
614 337 1078
619 24 865
628 289 686
632 1154 165
642 1150 124
653 1197 167
658 1171 143
663 1137 129
670 595 244
700 487 209
722 503 209
729 480 144
735 458 208
753 424 370
777 419 387
787 857 452
808 788 468
841 1193 1032
845 830 807
849 228 1185
851 1007 806
863 961 489
865 966 389
915 937 435
916 1028 445
931 1000 431
935 1143 773
1005 1184 776
1009 721 1193
1019 682 1190
1020 909 158
1030 583 772
1053 632 802
1061 465 751
1093 480 750
1096 480 689
1097 488 760
5 669 133
19 197 525
34 17 547
60 431 1076
101 310 1094
108 1122 643
110 1171 358
116 1197 502
131 881 893
148 238 1007
155 670 3
181 792 804
195 997 792
204 1001 491
205 708 1155
232 582 826
247 455 672
260 153 75
274 159 87
281 194 20
283 195 101
345 146 21
350 296 757
355 269 756
366 229 502
367 281 538
378 201 550
384 290 498
389 198 476
392 90 1173
407 147 1194
410 90 1137
414 155 1171
426 110 1138
464 479 1060
466 700 537
470 618 539
472 647 599
482 634 591
497 690 590
502 958 994
517 450 546
520 248 682
566 1155 106
581 1191 391
602 469 119
634 459 127
640 909 891
643 156 724
662 785 1132
669 809 453
674 787 485
677 671 19
678 1164 1049
686 799 834
692 790 860
703 1043 493
708 1015 422
730 1198 755
743 1140 728
746 705 1131
752 639 1151
760 686 1129
767 979 144
773 471 741
775 492 670
813 450 752
814 934 606
815 170 100
817 196 42
822 219 103
823 236 89
824 195 82
840 923 16
853 258 804
874 276 831
881 463 7
923 441 4
961 453 33
963 429 4
964 252 456
970 238 459
971 283 488
988 263 519
1031 254 504
1038 229 520
1042 189 491
1076 303 87
1094 298 50
1104 315 86
0 71 1113
2 147 1164
8 30 543
17 60 633
48 31 312
58 428 515
59 1160 139
62 1136 114
68 1000 211
70 266 981
77 123 704
85 408 409
127 835 495
150 728 24
158 1199 1071
165 960 794
169 1027 478
173 933 422
183 976 462
199 1002 399
213 997 416
221 643 1182
250 592 777
252 437 679
256 523 677
257 634 133
265 289 745
307 298 823
315 281 557
339 311 48
349 859 1034
356 101 1177
391 71 1124
394 58 1106
408 74 1145
424 154 1142
425 107 1093
441 156 1152
445 67 578
468 63 609
473 47 564
506 7 540
519 432 1090
521 687 602
524 674 603
527 654 557
547 644 617
550 661 604
563 4 314
589 411 511
608 418 532
623 421 508
629 432 464
647 454 539
652 456 491
656 291 1056
695 302 1100
698 75 870
713 247 692
720 252 671
723 228 637
725 1183 137
728 1189 186
736 1177 178
738 1177 124
749 152 1029
757 949 211
774 946 260
778 527 164
779 477 183
781 129 745
802 840 1134
816 425 433
819 424 417
852 490 302
859 517 275
868 808 497
873 786 454
878 1164 1038
886 768 838
893 792 834
896 770 804
898 279 1163
901 997 853
921 948 425
928 1039 478
946 963 427
948 945 445
958 951 452
966 1024 458
973 1028 406
975 983 493
983 1000 443
989 970 439
990 1015 482
991 970 398
1017 1035 391
1045 1195 720
1046 695 1186
1057 703 1167
1058 699 1176
1067 667 1150
1069 734 1195
1071 657 1172
1083 677 1165
1110 962 122
1115 951 92
21 590 763
22 630 767
24 653 832
26 451 740
27 521 762
30 471 701
40 442 763
49 146 38
51 158 19
78 231 477
79 245 497
90 274 505
120 55 1147
121 119 1109
125 91 1105
145 473 1023
147 616 623
149 386 525
152 409 534
185 428 541
198 339 1115
203 280 1091
209 340 1090
210 278 1082
228 96 395
229 77 818
246 256 634
251 297 633
272 225 694
277 301 682
327 2 751
332 2 713
342 1162 182
359 181 1028
360 496 150
375 486 139
381 509 142
388 481 125
415 462 139
429 498 158
444 377 426
447 465 250
461 802 474
490 812 478
495 279 1199
516 964 809
537 971 469
538 1018 465
539 1003 468
558 959 431
570 941 466
583 1043 471
611 1003 448
616 955 385
657 958 480
693 946 434
694 1036 420
718 1153 777
719 679 1133
733 977 112
734 911 135
758 649 769
782 629 784
789 640 832
803 640 804
805 596 793
821 644 811
830 511 668
843 484 674
846 441 714
875 528 711
882 528 700
883 515 711
885 530 692
887 501 720
892 508 709
903 512 762
914 995 653
918 156 98
932 168 89
933 164 28
937 185 87
947 232 104
957 234 31
960 162 53
974 205 100
980 223 53
985 178 80
995 153 25
1008 205 23
1023 689 181
1032 690 1055
1077 229 800
1081 253 790
1086 213 829
1089 286 827
1100 283 810
1101 226 779
1113 279 792
1116 212 750
43 228 788
66 290 540
84 216 519
89 261 500
107 294 78
114 355 80
117 147 1097
144 108 1191
146 678 567
161 29 297
191 33 238
194 399 470
202 422 461
236 277 1118
239 314 1055
254 71 396
267 274 688
282 2 700
289 1172 470
301 456 118
309 520 159
317 266 1007
321 1120 936
325 700 46
343 228 1177
346 347 928
354 1011 820
362 969 852
365 1032 457
413 974 410
423 1040 400
427 939 458
434 969 448
435 1046 487
439 992 496
446 934 381
451 829 177
480 1135 754
503 1198 775
513 711 1146
515 645 1127
533 678 1177
549 671 1192
567 705 1146
573 640 814
575 529 741
584 435 764
600 445 694
617 441 688
638 459 765
648 530 727
665 464 695
681 513 742
685 496 760
707 517 670
711 992 614
759 981 666
788 194 29
794 194 59
795 167 36
811 150 60
839 169 50
905 182 47
907 198 91
927 190 13
936 215 59
939 664 154
965 966 15
986 598 955
994 233 820
1002 266 788
1029 216 790
1033 283 800
1037 243 800
1040 210 768
1072 225 767
1075 210 793
1085 234 792
1090 406 33
1099 398 31
1108 445 34
1114 398 11
1117 409 27
1118 440 52
14 448 1
16 240 515
32 259 537
53 237 495
83 189 456
95 246 551
96 224 483
97 325 72
100 336 78
109 902 1019
115 93 1145
128 74 1192
143 55 1197
153 123 1141
156 86 1184
167 67 1152
171 124 1173
172 445 1022
179 702 625
193 650 552
214 654 618
231 4 265
234 27 243
286 49 239
335 8 240
352 50 292
358 31 265
370 716 481
374 686 482
417 711 484
418 460 526
419 406 467
421 97 420
442 295 693
455 287 618
459 1169 131
478 1143 109
484 1172 152
500 1186 144
510 997 263
523 593 271
532 512 206
534 495 132
551 514 193
590 524 183
591 123 760
595 151 715
598 471 283
627 808 432
637 789 423
645 821 441
649 717 47
654 695 42
661 1182 1012
702 820 803
727 295 875
732 944 800
739 980 788
740 948 840
765 965 802
771 945 836
792 943 844
812 994 816
833 967 432
847 993 405
888 979 386
897 964 474
909 934 465
922 1033 467
959 977 393
969 992 448
996 975 389
998 956 416
1003 1033 380
1004 945 494
1016 963 414
1034 951 417
1043 967 381
1051 1010 451
1078 932 462
1091 1021 388
1107 994 440
1120 931 387
1 998 389
4 824 227
50 1157 711
56 640 1176
65 712 1183
72 738 1177
119 729 1145
123 649 1170
135 636 1121
163 676 1123
178 515 682
186 457 758
211 463 717
216 473 722
244 489 739
261 496 697
264 506 748
268 206 79
270 232 47
295 185 26
302 166 74
308 168 11
316 207 48
324 228 27
329 169 70
333 206 12
341 657 161
364 636 187
385 938 29
396 673 1053
437 705 1056
448 611 918
486 216 819
488 305 774
507 267 771
518 222 787
541 244 794
554 478 1
560 474 4
562 403 16
571 430 29
574 215 458
585 190 482
594 254 533
603 291 552
606 234 548
618 260 492
620 202 559
646 288 535
667 207 486
672 277 514
690 257 544
716 227 545
744 187 513
750 194 507
766 214 493
770 285 506
791 221 470
809 360 71
836 308 120
842 361 60
866 332 118
871 323 109
877 327 118
880 904 1046
891 96 1115
894 147 1147
920 135 1188
924 120 1138
926 60 1088
938 113 1116
943 14 560
952 17 567
968 8 629
1007 65 547
1014 40 565
1070 21 602
1119 53 572
1122 488 1090
10 954 819
11 1008 795
29 943 809
41 993 847
47 982 829
64 987 824
73 989 847
75 961 856
76 943 839
80 993 788
86 987 843
113 982 823
129 953 814
137 989 822
139 955 846
196 958 802
222 1011 788
233 985 827
237 984 856
242 945 855
249 1011 841
253 972 809
263 957 815
273 955 817
288 964 855
290 1010 793
298 1002 850
305 1000 814
323 1010 811
338 944 480
348 1028 418
353 1032 484
368 942 488
369 1043 409
372 968 458
379 1026 420
386 1020 420
401 1046 393
404 1044 403
450 936 481
456 1040 468
460 978 477
469 952 407
489 931 451
492 965 464
494 1037 380
511 1031 491
512 979 416
526 1036 438
542 930 401
552 1027 494
556 1036 443
569 978 430
579 1043 441
580 973 458
587 954 463
596 969 484
597 1024 387
599 951 402
605 966 445
607 1045 451
631 978 454
639 946 461
641 943 385
655 970 425
668 969 456
671 934 409
682 974 473
688 995 393
691 1014 457
699 1008 438
701 1018 447
715 1044 465
717 1009 463
807 1008 392
827 1015 492
828 1045 400
848 971 418
857 1046 380
860 955 423
861 958 423
876 957 468
884 1033 471
906 1023 381
919 953 444
930 931 481
941 1020 433
942 956 410
945 950 381
978 947 407
979 980 436
987 956 464
1001 930 495
1006 974 421
1022 995 483
1025 969 492
1028 1027 380
1036 969 411
1041 1016 439
1054 986 384
1084 979 428
1087 951 484
1103 988 391
