6257
5656 1124 1703
91 1132 1693
1429 1122 1665
4794 1091 1703
4125 1128 1646
4018 1145 1667
5225 1099 1697
4515 1087 1687
5025 1142 1639
5298 1149 1638
1508 1158 1651
3811 1096 1633
350 1068 1673
6196 1082 1646
3962 1138 1630
2037 1109 1626
101 1109 1708
121 1517 1618
3381 1532 1630
286 1507 1636
5065 1481 1610
5480 1520 1637
3334 1528 1624
3816 1490 1660
2593 1483 1647
5364 1528 1666
4889 1538 1640
261 1519 1653
745 1498 1602
2826 1056 1696
9 1510 1604
5828 1514 1602
5247 1062 1656
1144 1534 1654
2516 1153 1623
2528 1500 1595
2209 1499 1639
71 1472 1621
2294 1168 1648
411 1504 1627
115 1512 1660
6032 1492 1600
4762 1478 1629
195 1088 1713
2228 1476 1651
6217 1512 1627
2458 1461 1643
2747 1524 1628
3751 1469 1646
106 1049 1687
4807 1508 1649
2922 1523 1607
6047 1171 1631
2224 1501 1657
5180 1512 1644
3672 1127 1609
2306 1529 1645
128 1507 1607
3151 1128 1607
4555 1082 1631
3911 1106 1723
4852 1161 1625
2668 1130 1607
2365 1531 1646
2850 1491 1652
3656 1462 1638
244 1495 1649
2381 1459 1631
2424 1507 1624
701 1134 1609
4089 1507 1669
143 1465 1662
1537 1544 1629
5891 1533 1621
6226 1418 1653
4781 1515 1551
5057 1430 1655
3161 1515 1560
2320 1122 1606
869 1532 1606
2419 1474 1554
2954 1510 1572
5229 1496 1584
2870 1504 1559
1524 1020 1660
5716 1047 1705
2908 1482 1596
1362 1488 1594
476 1543 1649
1158 1508 1672
2847 1426 1640
2616 1180 1641
993 1395 1662
4628 1537 1676
4371 1496 1554
2080 1509 1585
1339 1430 1638
4632 1482 1553
331 1524 1580
3277 1390 1664
4856 1434 1656
2309 1513 1571
5893 1447 1620
1252 1092 1613
1686 1516 1583
1431 1498 1581
4899 1501 1678
4530 1442 1632
2948 1483 1572
3326 1439 1637
5807 1503 1573
1782 1049 1641
2926 1448 1653
464 1401 1656
2074 1501 1621
634 1437 1635
478 1398 1657
3055 1452 1633
59 1445 1661
5804 1505 1580
5751 1505 1554
1464 1041 1654
5433 992 1658
4600 1526 1579
4158 1533 1597
5176 1460 1653
5559 1456 1662
1101 1534 1622
3101 1549 1652
3637 1481 1552
6189 1480 1536
4185 1487 1583
199 1459 1613
2477 1483 1554
5228 1492 1590
2881 1510 1562
1541 1508 1575
2912 1413 1665
4017 1422 1648
1237 1543 1617
1712 1537 1681
4012 1497 1535
2883 1509 1570
2749 1514 1556
336 1496 1531
640 1532 1616
4978 1450 1636
1888 1543 1673
2187 1481 1535
3789 1493 1555
3930 1443 1658
2608 1505 1564
3023 1058 1637
4231 1522 1575
1837 1531 1682
1318 1032 1690
439 1069 1632
133 1524 1585
3613 1444 1621
3666 1451 1638
1483 1513 1559
6018 1479 1537
1420 1155 1613
24 1521 1675
4124 1481 1541
5429 1538 1613
1002 1452 1661
4629 1457 1657
5554 1542 1666
390 1437 1628
1851 1498 1549
4718 1496 1579
447 1163 1620
5845 1534 1681
1706 1395 1666
1522 1493 1557
3439 1495 1677
4866 1118 1599
4739 1487 1623
5944 1526 1617
488 1526 1679
608 1477 1547
4330 1514 1563
2680 1474 1560
2377 1505 1546
5582 1517 1588
860 1509 1580
771 1494 1547
256 1516 1574
1492 1506 1541
4431 1098 1735
6165 1525 1593
6252 1497 1541
4573 1532 1607
4439 1495 1613
4525 1497 1619
4921 1515 1672
3963 1540 1613
867 1449 1656
1297 1517 1581
5048 1066 1629
5609 1511 1552
858 1477 1564
1215 1504 1539
967 1433 1651
5569 1514 1580
38 1493 1588
3273 1502 1671
753 1452 1624
352 1493 1625
4257 1483 1664
5685 1457 1648
699 1487 1582
4163 1511 1543
391 1495 1571
449 1437 1640
4368 1501 1610
2939 1481 1547
4971 1478 1553
4356 1520 1594
632 1515 1565
460 1500 1563
4152 1494 1620
1384 1440 1660
181 1515 1586
1146 1110 1739
5555 1500 1669
3583 1517 1591
1195 1525 1684
4863 1479 1542
2814 1441 1650
2905 1482 1566
5895 1477 1550
1853 1427 1652
1290 1501 1572
5762 1492 1585
2336 1516 1566
98 1433 1660
1728 1525 1597
4854 1512 1568
4255 1037 1721
4920 1502 1679
2621 1511 1674
4859 1553 1669
1674 1503 1586
2560 1514 1540
2825 1510 1570
5763 1453 1617
2726 1448 1631
19 1502 1618
2783 1493 1542
315 1115 1600
2011 1184 1626
1861 1519 1548
4873 1386 1661
4470 1451 1646
4751 1492 1535
5755 1517 1576
5943 1498 1552
3757 1188 1636
6248 1491 1616
5173 1545 1663
1445 1485 1545
332 1514 1568
3471 1544 1652
95 1487 1544
4512 1494 1551
60 1501 1538
499 1514 1680
4936 1489 1619
3176 1547 1676
2838 1496 1566
1907 1517 1547
3390 1484 1550
626 1522 1596
652 1527 1600
240 1497 1563
325 1541 1670
1026 1485 1534
2656 1498 1568
1143 1520 1552
1500 1490 1577
3820 1430 1659
4844 1421 1657
3049 1015 1676
4413 1547 1647
6228 1493 1675
207 1490 1672
319 1111 1603
3453 1433 1635
4295 1536 1615
3387 1488 1577
3483 1516 1573
2109 1440 1569
51 1455 1541
159 1551 1648
727 1541 1581
1111 1455 1587
1917 1585 1769
3691 1398 1685
787 1406 1675
1874 1434 1626
615 1155 1592
5302 1516 1534
4537 1567 1667
906 1476 1674
2981 1534 1558
3398 1202 1634
3431 1466 1673
4846 1585 1667
5146 1556 1641
3552 1360 1645
4291 1504 1532
2500 1542 1576
5868 1460 1607
855 1423 1635
6103 1534 1542
2829 1564 1721
731 1400 1689
3016 1567 1710
3249 1426 1553
4131 1557 1638
388 1589 1704
1226 1465 1549
2980 1572 1676
564 1523 1690
1008 1187 1616
4298 1412 1530
5407 1469 1583
1589 1577 1691
3588 1367 1659
337 1513 1523
2044 1561 1666
4377 1438 1592
765 1480 1594
994 1454 1560
710 1419 1562
4267 1454 1591
6129 1479 1673
595 1533 1568
1652 1460 1537
957 1578 1708
367 1564 1688
1822 1477 1576
4831 1379 1658
1767 1550 1705
5191 1443 1559
5924 1544 1554
763 1577 1701
4481 1438 1605
5207 1525 1554
3184 1555 1631
5537 1456 1599
3922 1522 1528
1349 1522 1546
2371 1582 1679
5331 1483 1525
2755 1429 1597
3544 1359 1659
281 1450 1669
1155 1554 1716
6197 1456 1596
4057 1527 1563
5726 1407 1530
2181 1560 1670
3517 1397 1649
1764 1582 1660
4198 1581 1771
2251 1358 1649
3907 1410 1580
5508 1420 1544
3815 1446 1561
1578 1420 1547
6092 1588 1684
5583 1570 1650
1565 1575 1680
2059 1035 1733
4655 1565 1709
317 1358 1663
606 1426 1584
6149 1556 1662
5776 1451 1592
1438 1179 1601
3269 1405 1534
1613 1401 1635
4817 1552 1672
2373 1481 1679
3650 1560 1714
3902 1536 1557
4679 1509 1691
5035 1520 1688
3276 1559 1704
938 1538 1586
2533 1413 1690
4888 1465 1542
418 1547 1732
5265 1412 1635
5294 1560 1695
1812 1159 1713
3317 1444 1588
3067 1584 1663
4911 1427 1683
5499 1559 1714
3750 1488 1685
1137 1574 1721
4816 1466 1601
823 1478 1572
6162 1425 1634
6218 1498 1687
2056 1466 1575
643 1190 1615
459 1500 1518
5349 1380 1649
3331 1447 1543
3294 1564 1730
5345 1488 1522
102 1521 1540
4463 1555 1696
1245 1507 1530
4713 1545 1613
4228 1081 1611
4616 1395 1676
1036 1483 1592
4156 1455 1584
5938 1379 1653
3784 1374 1645
4182 1379 1673
2773 1408 1563
6214 1471 1589
2643 1414 1565
5284 1580 1711
2426 1542 1557
3180 1450 1675
1676 1425 1684
5989 1432 1572
1647 1446 1599
1238 1577 1717
5749 1460 1584
2665 1543 1550
2688 1564 1701
5872 1524 1530
517 1416 1522
2733 1441 1590
1412 1554 1636
1935 1415 1546
3030 1376 1660
1134 1390 1679
939 1441 1663
4039 1552 1635
1538 1422 1667
416 1581 1683
6 1427 1572
4532 1534 1581
2531 1547 1610
1163 1402 1544
5038 1430 1633
1597 1131 1610
1458 1442 1670
3943 1481 1685
5481 1569 1695
2379 1440 1612
1176 1450 1583
1543 1421 1624
1630 1518 1529
1733 1467 1561
4351 1464 1539
3444 1541 1572
5363 1540 1680
2903 1448 1669
3408 1461 1602
4084 1021 1645
1941 1576 1667
766 1391 1644
4692 1416 1558
5272 1460 1668
4880 1433 1579
961 1351 1663
4743 1432 1563
4003 1507 1688
816 1565 1716
4174 1449 1568
5283 1552 1726
1747 1420 1569
5028 1419 1542
5973 1479 1587
4495 1465 1589
3117 1431 1613
4145 1564 1706
839 1538 1565
1149 1425 1619
760 1561 1699
6132 1527 1569
3258 1579 1657
4047 1562 1722
2342 1441 1542
3021 1541 1594
5543 1418 1629
1800 1416 1683
892 1437 1611
2800 1391 1672
3543 1441 1573
1665 1453 1544
3912 1484 1529
3232 1365 1653
3497 1417 1527
2100 1402 1532
6078 1135 1586
109 1433 1587
234 1423 1555
69 1404 1568
4030 1417 1642
3579 1504 1523
2097 1476 1525
1468 1006 1629
2129 1572 1682
2945 1414 1679
3162 1486 1679
88 1574 1666
3178 1553 1707
4642 1570 1688
1783 1487 1557
2634 1511 1534
3671 1121 1595
5222 1438 1607
613 1542 1569
589 1506 1521
5051 1556 1685
6099 1365 1671
5781 1473 1542
5557 1538 1571
1684 1453 1586
2996 1549 1707
2238 1515 1693
3969 1369 1664
3367 1579 1710
5067 1436 1617
2609 1527 1557
6039 1402 1637
5155 1435 1586
5886 1471 1575
676 1423 1622
2615 1547 1701
1221 1480 1531
6075 1551 1724
2227 1396 1540
3362 1450 1605
1415 1461 1542
3900 1550 1691
4758 1441 1577
723 1552 1731
2007 1579 1687
5208 1574 1659
3996 1554 1640
4476 1461 1560
1184 1455 1578
3333 1538 1554
5720 1434 1547
210 1554 1644
1910 1450 1599
4865 1421 1671
1248 1476 1569
1958 1557 1732
5245 1489 1527
3240 1571 1708
885 1391 1680
6104 1574 1679
4388 1544 1563
103 1433 1619
2222 1558 1649
663 1058 1628
2573 1447 1609
5668 1434 1621
4810 1530 1572
5599 1553 1698
4770 1454 1543
5798 1451 1580
4558 1384 1676
5081 1423 1549
1074 1464 1584
5961 1456 1590
4950 1401 1679
5195 1509 1524
4304 1456 1548
2994 1453 1593
5815 1544 1601
4417 1427 1676
2451 1549 1722
253 1414 1552
3081 1432 1581
4345 1481 1527
6249 1565 1674
3865 1408 1525
5362 1520 1686
6079 1426 1551
4884 1539 1597
461 1573 1688
1628 1467 1540
3663 1012 1698
3837 1475 1567
2518 1398 1542
4916 1492 1518
6070 1551 1713
648 1578 1715
5978 1468 1527
4914 1376 1665
3992 1027 1639
2940 1576 1694
707 1552 1613
3849 1537 1608
3706 1574 1729
403 1045 1544
3521 1531 1554
1841 1543 1592
3770 1539 1562
1906 1531 1532
6135 1533 1586
3534 1437 1556
5159 1531 1577
3442 1573 1673
2982 1502 1520
276 1408 1538
1061 1423 1626
5091 1450 1576
400 1432 1549
363 1462 1535
582 1467 1577
2142 1364 1658
2553 1512 1694
3351 1409 1686
238 1567 1785
1956 1463 1581
3771 1449 1591
2362 1584 1718
4085 1561 1739
5912 1404 1677
2318 1200 1618
217 1577 1718
5144 1537 1590
4404 1365 1641
4890 1175 1678
919 981 1665
4997 1410 1532
3736 1557 1711
3394 1411 1575
6256 1421 1536
2901 1374 1673
329 1427 1627
3936 1493 1685
5675 1044 1637
848 1182 1726
3530 1583 1689
6178 1434 1662
4072 1461 1596
2654 1490 1524
3916 1504 1682
2525 1114 1614
2301 1448 1553
2646 1439 1548
3982 1421 1531
2355 1580 1666
3159 1453 1575
5834 1386 1683
5044 1186 1734
273 1381 1681
1663 1466 1676
4428 1378 1646
1717 1566 1725
6238 1427 1672
4272 1444 1580
535 1509 1518
1280 1424 1559
4528 1452 1604
5532 1001 1641
1724 1563 1737
2004 1432 1544
1646 1591 1766
3242 1469 1551
1305 1576 1711
462 991 1639
3248 1480 1524
3376 1570 1663
3348 1558 1676
28 1383 1643
4764 1421 1534
3565 1424 1629
2446 1561 1708
3020 1508 1526
354 1528 1534
230 1554 1623
5029 1031 1641
2160 1407 1528
1571 1580 1717
5775 1464 1531
2705 1567 1732
2527 1563 1679
4579 1547 1719
6167 1412 1641
4451 1471 1547
619 1195 1622
4367 1496 1684
782 1048 1636
3600 1436 1672
5485 1408 1649
1220 1486 1520
1124 1557 1714
465 1570 1695
1302 1477 1531
90 1459 1547
2361 1433 1665
2413 1451 1548
3315 1562 1676
3344 1420 1645
3026 1421 1682
242 1577 1685
419 1016 1709
4465 1552 1620
1703 1457 1542
2984 1576 1662
5006 1470 1543
3629 1503 1685
5379 1042 1542
5597 1432 1622
661 1430 1553
3556 1540 1595
5315 1129 1586
2906 1579 1675
833 1425 1676
2772 1413 1583
1450 1161 1602
3389 1381 1528
1309 1556 1789
4374 1476 1740
1546 1429 1705
6028 1487 1692
2851 1383 1525
1257 1579 1784
988 1401 1560
485 1412 1587
5113 1547 1797
2280 1574 1740
2921 1601 1771
160 1479 1692
155 1398 1696
1104 975 1652
1866 1586 1749
3405 1633 1670
5127 1415 1593
5342 1326 1670
123 1604 1704
5424 1611 1667
5892 1289 1524
1071 1139 1572
3406 1624 1663
4710 1180 1669
4646 1534 1705
5742 1563 1788
1023 1478 1709
539 1603 1678
2835 1546 1556
1849 1200 1699
2164 1619 1670
5220 1548 1547
6181 1510 1702
4168 1469 1692
4293 1599 1690
4989 1147 1577
685 1596 1736
2925 1595 1784
5503 1601 1696
2386 1589 1656
2644 1423 1606
1171 1574 1735
3715 1586 1651
4014 1309 1562
2021 1344 1657
5643 1396 1556
305 1045 1737
2918 1612 1671
2135 1529 1694
5620 1349 1666
5988 1412 1519
2757 1400 1552
250 1610 1704
5945 1454 1531
3100 1536 1527
1525 1528 1525
5604 1556 1558
978 1442 1526
4311 1514 1707
6095 1396 1587
2647 1458 1681
3917 1537 1689
3524 1152 1581
3878 1598 1688
6247 1586 1658
4870 1472 1694
1714 1382 1534
1319 1566 1746
3233 1042 1523
3478 1495 1709
3436 1464 1684
1694 1497 1695
5564 1541 1710
5108 1420 1513
2869 1476 1716
3944 1353 1641
4742 1490 1719
5419 1601 1700
4052 1036 1537
3274 988 1627
1792 1487 1718
4556 1562 1615
410 1374 1547
2963 1594 1681
547 1430 1694
525 1457 1522
5982 1608 1656
2724 1607 1660
4913 1524 1707
5330 1459 1699
3166 1385 1535
1754 1181 1679
5665 1555 1801
284 1338 1657
4659 1555 1746
2302 1589 1724
5361 1472 1522
2966 1440 1534
3193 1386 1551
806 1599 1654
976 1533 1711
1249 1593 1718
5147 1390 1526
4577 1598 1712
99 1591 1721
3622 1323 1564
1625 1592 1716
2144 1474 1735
6034 1327 1650
1477 1402 1517
605 1560 1634
3919 1608 1676
5584 1530 1705
1388 1408 1620
598 1343 1651
5338 1379 1543
4281 1540 1699
3425 1626 1668
2392 1401 1699
5745 1554 1793
780 1304 1579
2268 1483 1723
3643 1510 1705
3951 1336 1668
3831 1545 1531
4720 1406 1518
6157 1499 1701
4358 1345 1676
847 1594 1690
4485 1396 1516
3923 1298 1563
879 1593 1716
3409 1459 1518
1725 1574 1760
3458 1073 1603
2407 1427 1707
3702 1505 1714
3554 1592 1746
5711 1445 1535
5800 1517 1512
3229 1426 1693
3630 1381 1547
5446 1397 1551
4133 1561 1644
718 1040 1530
5977 1515 1700
2878 1581 1647
5790 1331 1644
3668 1401 1562
3574 1588 1640
2180 1384 1554
1446 1404 1550
2260 1443 1532
5969 1488 1712
2447 1424 1609
2030 1486 1726
5910 1411 1695
2429 1385 1549
2425 1197 1600
3735 1398 1553
1696 1452 1523
2246 1410 1508
916 1505 1693
5623 1123 1585
5310 1581 1730
609 1341 1676
4898 1436 1533
3380 1562 1625
1737 1207 1721
2370 1399 1591
6100 1387 1528
194 1507 1703
1761 1425 1689
3222 1283 1533
800 1400 1707
2722 1311 1560
1545 1339 1648
1607 1321 1556
1999 1623 1669
3468 1394 1514
2998 976 1672
2035 1526 1709
1444 1611 1689
2701 1475 1516
672 1517 1702
1453 976 1676
1073 1597 1684
4329 1412 1610
2465 1352 1684
1955 1412 1703
523 1072 1598
1254 1393 1519
4105 1405 1616
1345 1495 1517
1992 1585 1719
5864 1428 1614
2877 1441 1528
4714 1462 1524
5193 1412 1614
409 1594 1730
2130 1295 1538
1659 1503 1701
1743 1327 1552
842 1401 1522
406 1400 1510
4935 1406 1578
4965 1108 1594
5000 1385 1524
1880 1551 1796
372 1549 1531
382 997 1625
4420 1589 1727
5296 1169 1709
2958 1408 1717
5269 1475 1722
5550 1589 1678
1044 1507 1715
830 1599 1681
3823 1556 1621
1140 1399 1575
1601 976 1660
3137 1343 1659
4504 1042 1624
4945 1175 1583
5372 1613 1691
218 1195 1677
220 1166 1679
5094 1293 1537
550 1322 1666
2210 1465 1518
2841 1033 1539
170 1395 1622
247 1410 1589
3434 1592 1692
359 1560 1619
5516 1484 1716
2517 1401 1586
161 1409 1710
1666 1400 1629
1043 1347 1656
4868 1413 1713
6094 1398 1584
515 1405 1710
1809 1477 1727
5904 1399 1701
4885 1518 1713
366 1584 1733
6180 1492 1713
1830 1522 1705
3655 1604 1717
5388 1483 1516
5667 1505 1712
3846 1297 1567
1687 1459 1530
453 1166 1693
5890 1152 1586
1050 1032 1531
2879 1400 1618
5351 1189 1693
5979 1544 1539
4861 1430 1539
2693 1541 1534
1321 1415 1515
902 1415 1510
2352 1601 1717
3411 1598 1713
4078 1596 1713
283 1434 1537
4326 1124 1578
1834 1400 1555
1325 1142 1576
1938 1132 1575
5185 1419 1510
5853 1405 1547
44 1566 1800
2782 1062 1757
3714 1306 1565
5278 1573 1796
5418 1472 1741
4881 1590 1673
5355 1310 1550
2040 1399 1573
4310 1603 1710
1060 993 1629
5974 1023 1637
3519 1563 1630
5198 1579 1640
2604 1578 1731
1016 1145 1579
2561 1591 1732
2750 1558 1619
2524 1036 1626
3108 1562 1640
5933 1171 1590
2490 1602 1707
4221 1604 1713
6150 1354 1671
4675 1584 1637
4822 1102 1593
854 1451 1526
637 1605 1684
4765 1316 1559
3391 1301 1574
1223 1109 1583
3121 1090 1594
4584 1627 1699
4002 1456 1513
1805 1609 1712
1872 1629 1694
3147 1352 1568
3250 1341 1701
725 1571 1620
2287 1108 1555
4952 1614 1726
163 1361 1631
1755 1640 1694
5237 1304 1518
3675 1575 1805
3747 1549 1526
4966 1371 1637
2189 1382 1731
4623 1566 1631
1350 1063 1590
2788 1484 1514
5616 1324 1616
5728 1322 1570
1675 1651 1679
1310 1368 1564
5916 1039 1606
3658 1364 1637
3106 1280 1594
1311 1299 1520
3989 1304 1523
3927 1140 1568
3772 1295 1513
4325 1262 1548
2067 1405 1752
3353 1307 1501
4760 1039 1511
4685 1658 1657
1145 1437 1516
1723 1304 1533
512 1567 1634
4015 1337 1598
2959 1316 1582
722 1319 1623
2145 1298 1543
3073 1641 1652
3855 994 1734
4040 1609 1737
6191 1342 1604
1496 1571 1610
1735 1565 1618
2587 1299 1605
5571 1393 1493
425 1390 1562
2611 1072 1548
3522 1308 1632
3611 1339 1565
1015 1552 1520
1480 1064 1564
5235 1063 1550
2669 1345 1691
4034 1521 1505
1278 1648 1657
2032 1272 1524
1695 1341 1640
3768 1359 1623
910 1315 1519
1109 1518 1506
6212 1332 1602
2321 1646 1682
3575 1625 1696
5947 1614 1640
1847 1572 1620
2664 1421 1725
603 1406 1493
5122 1184 1666
2951 1082 1592
1472 1377 1763
5548 1625 1704
4894 1645 1691
6172 1539 1514
498 1031 1619
4079 1573 1635
4422 1632 1692
2955 1620 1643
794 1618 1711
1732 983 1614
3226 1064 1561
1616 1433 1720
3005 1664 1666
5110 1646 1661
1374 1289 1673
726 1607 1749
3939 1537 1726
5483 1619 1715
3283 1603 1747
1147 1068 1541
2391 1223 1624
5522 1448 1517
3029 1558 1805
1832 1157 1570
4473 1361 1634
5855 1315 1620
601 969 1650
3247 1329 1694
2887 1000 1610
3045 1273 1566
4969 1346 1688
2752 1334 1582
805 1653 1666
1669 1138 1551
2452 1605 1735
4725 1425 1533
1034 1571 1619
173 1198 1658
3987 1098 1580
1790 1605 1743
751 1567 1582
1348 1116 1572
764 967 1666
3200 1348 1551
657 1408 1497
1893 1035 1761
1969 1282 1515
2618 1193 1664
53 1309 1604
1681 1531 1736
1092 1370 1552
4644 1616 1728
1466 1336 1552
3704 1029 1611
1255 1516 1508
4757 1159 1563
6160 973 1634
1858 1211 1620
4077 1378 1557
4586 1408 1500
2844 1644 1691
3654 1329 1566
5306 1467 1512
2501 1659 1669
2857 1362 1557
6085 1559 1807
2449 995 1608
2503 1032 1609
4661 1445 1517
3014 1364 1636
3532 1418 1730
5478 1450 1511
4258 1326 1627
4878 1280 1502
4658 1413 1735
202 1614 1701
2358 1364 1566
3560 1210 1678
5820 1163 1571
1909 1648 1686
6025 1571 1631
2396 1380 1590
5976 1580 1804
5063 1337 1688
1870 1654 1682
3812 1462 1744
1618 1212 1642
4860 1041 1600
4738 1529 1729
3036 1051 1597
1103 1375 1564
1180 1357 1560
4339 1434 1526
4024 1651 1654
477 1341 1611
2200 1620 1717
1577 1533 1734
1779 1658 1678
3153 1599 1749
2339 1357 1625
4350 1393 1573
3548 1142 1559
3059 1373 1630
3493 1455 1751
3355 1312 1506
3271 1652 1684
484 1358 1640
895 1302 1507
3893 1653 1656
5710 1269 1522
375 1282 1675
5301 1575 1586
4074 1321 1521
2704 1309 1516
1225 1614 1730
10 1612 1733
2308 1425 1531
2357 1637 1683
1604 1645 1689
4875 1053 1557
5589 1311 1512
1272 1280 1565
4828 1331 1556
5504 1548 1773
5517 1467 1744
1312 1550 1517
4189 1553 1527
2793 1552 1805
1758 1294 1510
5042 1462 1512
5445 1582 1575
2173 1262 1537
5380 1338 1560
5551 1287 1499
4800 1440 1510
625 1357 1551
1985 1424 1732
3913 1355 1556
5252 1439 1520
5520 1459 1745
1793 1103 1553
803 1655 1674
5664 1275 1593
785 1575 1802
5050 1642 1681
2264 1295 1495
3994 1617 1724
741 1560 1530
2739 1451 1520
2907 1417 1744
3819 1395 1572
5724 1541 1726
1511 1114 1563
5699 1225 1714
6215 1543 1721
941 1057 1536
2952 1314 1517
3975 1185 1582
2979 1622 1716
3203 1421 1718
2637 1127 1566
2975 1614 1695
3058 1268 1527
825 1616 1714
3779 1209 1620
3824 1291 1505
5833 1597 1742
378 1058 1596
3901 1349 1549
3393 1132 1555
4869 1448 1507
6227 1597 1751
2532 1120 1550
6119 1363 1550
1844 972 1671
6130 1458 1509
4416 1471 1511
857 1442 1721
5367 1308 1510
4933 1354 1563
746 1050 1607
542 1262 1542
4009 1048 1594
4108 1368 1635
909 1551 1808
3461 1432 1528
4135 1392 1570
3798 1571 1603
6023 1578 1591
959 1283 1574
2047 1661 1660
2174 1281 1576
5588 1547 1515
1813 1423 1532
4197 1548 1812
2946 1434 1520
5561 1625 1707
532 1613 1717
682 1555 1526
46 1045 1515
4395 1048 1615
1786 1606 1729
3236 1602 1736
5266 1388 1570
2915 1369 1732
2493 1208 1629
5194 1285 1571
1756 1587 1637
5440 1569 1806
5852 1615 1710
5782 1554 1779
2694 1277 1569
3952 1542 1802
5386 1268 1532
3896 1595 1631
6235 1211 1607
1452 1548 1805
3541 1429 1519
5727 989 1695
6161 1609 1720
3133 1208 1647
3515 1606 1740
3906 1381 1640
2853 1265 1547
196 1020 1614
843 1342 1693
592 1015 1590
1975 1096 1558
2995 987 1609
3208 1428 1726
5236 1049 1539
6021 1567 1638
328 1570 1617
392 1527 1504
5913 965 1653
2364 1356 1630
5320 1069 1569
5307 1520 1509
42 1375 1726
1188 1287 1587
2277 1559 1524
4698 1447 1508
5729 1454 1754
1901 1068 1560
6209 1425 1729
3869 1428 1533
130 1220 1630
922 1315 1514
874 1390 1566
2398 1264 1536
3495 1408 1746
4270 1050 1602
264 1430 1529
679 1601 1744
457 1599 1741
4534 1621 1713
1299 1267 1515
955 1404 1736
78 1020 1535
5935 1187 1583
5758 1569 1613
1838 1577 1641
151 1605 1745
6222 1612 1766
6068 1318 1697
6053 1594 1746
1627 1012 1598
1776 1331 1548
735 1298 1643
4839 1360 1638
6113 990 1618
2484 1568 1538
1181 1546 1521
3191 1105 1563
4993 1543 1811
527 1456 1739
279 1108 1565
6116 1110 1576
3185 1569 1626
2157 1047 1579
5691 1297 1500
1971 1440 1782
6020 1382 1468
5540 1339 1457
5313 1367 1709
5437 1344 1511
6019 1059 1521
2118 1343 1709
2872 1574 1628
2512 1237 1607
6186 1567 1525
2378 1383 1796
1759 1472 1509
2236 1558 1508
429 1356 1490
3230 1433 1752
4727 1352 1712
6062 1371 1487
5964 1506 1510
3525 1549 1825
1900 1584 1548
3396 1254 1523
5876 1580 1814
6017 1441 1743
1355 1500 1875
6022 995 1595
2170 1376 1464
5100 1365 1470
1201 1547 1509
5506 1378 1477
4348 1356 1601
778 1254 1554
135 1361 1500
1368 1317 1502
4062 1331 1503
67 1293 1693
1974 1545 1819
4520 1027 1583
1656 1571 1818
3311 974 1605
5201 1622 1769
43 1569 1817
2455 1591 1570
2162 1354 1492
165 1479 1501
136 1381 1483
2815 1451 1499
1633 1359 1492
2012 1485 1503
2346 1321 1500
4148 1359 1496
5764 1287 1684
2640 1249 1534
5129 1441 1735
3872 1576 1534
5851 1345 1482
5915 1460 1496
2627 1375 1600
3749 1583 1812
1183 1051 1549
2314 1316 1492
2454 1671 1657
3028 1599 1628
3379 1251 1571
4019 1046 1570
458 1662 1650
1639 1415 1769
668 1258 1544
1406 1460 1503
180 1332 1505
1965 1410 1793
1001 1349 1482
2509 1437 1796
6134 1032 1594
1159 1331 1722
1179 1202 1573
4905 982 1589
1142 1619 1735
137 1357 1467
4624 1322 1479
3689 1248 1554
4561 1352 1479
3631 1341 1705
4951 1538 1503
1531 1244 1545
2467 1147 1533
265 1496 1509
2973 1336 1478
3623 1487 1882
5314 1494 1513
3157 1578 1535
4385 1461 1500
4649 1395 1471
4137 1343 1514
3657 1335 1456
4840 1319 1482
5662 1523 1501
3741 1438 1784
2648 1507 1514
295 1347 1600
1335 1427 1779
1979 1255 1681
4243 1427 1765
2848 1505 1875
3856 1432 1773
2102 1240 1611
3920 1041 1595
5859 1028 1589
1989 1624 1724
3758 1615 1742
4462 1209 1662
2279 1433 1788
3946 1491 1509
1262 1231 1620
3146 1372 1471
4701 1671 1650
189 1482 1873
852 1351 1519
5080 1218 1653
4049 1259 1567
599 1273 1506
4050 1502 1858
2233 1393 1479
1128 1357 1609
4995 1578 1637
5575 1580 1621
3192 1510 1859
1528 1359 1722
2613 1459 1497
690 1218 1671
3903 1605 1621
4370 1361 1609
5114 1361 1619
2078 1662 1655
669 1353 1517
5217 1391 1472
1048 1557 1521
2014 1394 1472
2456 1200 1567
3592 1013 1567
5030 1471 1752
4450 1343 1758
1367 1250 1546
5204 1337 1527
572 1241 1638
4225 1249 1525
4886 1351 1487
11 1440 1770
877 1368 1588
3830 1533 1504
538 1382 1583
3422 1474 1746
819 1376 1470
558 1046 1500
5047 1055 1530
5166 1354 1512
5791 1258 1559
2443 1252 1528
4531 1549 1505
5636 1261 1621
1386 1349 1506
1422 1444 1758
4508 1516 1501
812 1353 1725
4338 1666 1648
1924 1327 1525
5826 1300 1652
3801 1413 1752
4690 1330 1527
5903 1625 1768
4671 1512 1874
177 1380 1598
4653 1246 1555
4517 1257 1559
278 1211 1601
3310 1209 1670
4205 1452 1503
3866 1270 1616
4651 1514 1857
6148 1332 1510
2663 1368 1494
2692 1553 1826
2734 1496 1863
3415 1558 1826
1738 1356 1499
3875 1364 1714
5705 1336 1726
5216 1238 1623
5172 1361 1508
3660 1372 1602
1583 1568 1519
2949 1425 1517
3624 1508 1868
1481 1366 1504
5753 1313 1486
5120 1594 1574
4159 1669 1667
6087 1655 1650
80 1276 1683
3940 1315 1706
1588 969 1614
2039 1362 1470
3634 1326 1493
4673 1522 1499
5335 1027 1515
6058 1365 1486
1868 1488 1742
3636 1357 1723
454 1388 1466
5117 1306 1480
294 1357 1485
4444 1335 1542
1075 1358 1621
1771 984 1586
2163 1361 1494
471 1023 1588
721 1547 1777
1902 1248 1558
1923 1406 1788
4551 1215 1650
112 1208 1568
431 1338 1506
4223 1317 1489
2231 1555 1514
543 1531 1823
2005 1375 1457
2974 1062 1527
3472 1264 1607
1213 1349 1486
2674 1080 1537
6074 1338 1531
1160 1466 1756
3079 1264 1591
734 1450 1497
124 1457 1495
2741 1020 1555
405 1041 1584
501 1368 1478
164 1225 1686
5956 1544 1504
3701 1349 1721
5702 1670 1653
1770 1260 1549
3141 1285 1497
5010 1519 1502
900 1613 1755
1085 1405 1787
712 1492 1879
647 1312 1474
1121 1599 1621
1933 1262 1521
5809 1554 1518
6153 1425 1760
3983 1667 1647
3148 1422 1763
783 1386 1576
393 1230 1612
4036 1313 1497
4906 1113 1544
5031 1260 1562
1486 1577 1815
3125 1301 1485
4033 1349 1500
3188 1375 1594
1199 1673 1657
4445 1343 1493
5965 1526 1742
6124 1268 1622
2247 1368 1612
2774 1672 1668
4948 1248 1633
1964 1082 1532
1347 1443 1787
21 1279 1490
1317 1520 1742
1620 1006 1589
1544 1116 1541
3659 1505 1852
5808 1273 1618
4254 1372 1720
1168 1333 1545
6243 1374 1598
6031 1366 1601
1442 1331 1520
4461 1438 1757
221 1661 1645
1591 1372 1591
347 1374 1583
5241 1091 1532
2723 1542 1510
5493 1577 1620
2629 1327 1489
1267 1332 1539
1436 1524 1496
6056 1268 1612
5684 1553 1508
658 1502 1854
2155 1625 1773
536 1259 1595
4796 1492 1741
5046 1503 1865
3209 1364 1507
5279 1284 1486
520 1279 1493
1441 1282 1616
4779 1373 1607
1658 1537 1827
4680 1655 1641
4848 1269 1626
5661 1361 1782
581 1396 1478
2259 1287 1490
5759 1562 1515
1187 1366 1718
4941 1330 1711
954 1530 1497
705 966 1676
5624 1351 1530
1685 1250 1568
1982 1435 1756
4365 1263 1516
636 1340 1493
3687 1219 1606
4988 1582 1636
5757 1673 1664
2207 1586 1565
4774 1326 1513
113 1163 1562
856 992 1582
1760 1345 1503
1981 1414 1762
2112 1009 1735
5972 1327 1513
3272 1597 1628
6177 1329 1522
1707 1052 1544
594 1076 1533
983 997 1579
1673 1280 1687
5409 1368 1610
3307 989 1584
1584 1521 1744
2237 1336 1499
3292 1611 1743
6207 1036 1576
696 1168 1563
831 1521 1499
1641 1076 1528
5884 1616 1753
300 1627 1769
4409 1419 1751
1413 1288 1625
5902 1309 1496
1330 1524 1499
3325 1277 1623
4775 1338 1541
1557 1022 1516
2226 1573 1817
5739 1274 1614
1848 1561 1522
2179 1230 1604
4829 1068 1528
2999 1336 1513
5567 1268 1683
607 1609 1750
5143 1503 1871
5921 1518 1740
4872 1271 1498
901 1247 1607
2866 1327 1506
4393 1038 1588
4048 1345 1490
5713 1336 1529
1371 1350 1603
1552 1438 1759
5658 1378 1577
2897 1111 1538
481 1014 1574
4678 1576 1615
3746 1431 1764
2123 1352 1617
4474 1538 1823
5534 1537 1507
4902 1333 1533
2111 1495 1859
3009 1338 1537
4787 1010 1573
689 1365 1605
675 1440 1746
360 1370 1598
3152 1036 1508
688 978 1714
2105 1363 1793
3494 983 1720
2779 1286 1492
4542 1324 1711
5541 1267 1508
2010 1017 1605
420 1263 1562
1881 1427 1515
1069 1515 1873
1306 1557 1820
4877 1453 1766
3880 1234 1636
4763 1285 1699
5365 1562 1527
6192 1260 1679
1593 1378 1599
114 978 1699
1928 1462 1495
4569 1553 1782
1887 1579 1632
5491 1310 1483
2146 1341 1593
5336 1413 1776
576 1563 1506
1467 1468 1493
2430 1468 1771
3883 1670 1698
2856 1462 1807
5137 1610 1615
3343 1411 1807
1494 1451 1488
3731 1472 1818
4754 1470 1830
6027 1287 1637
1908 1462 1823
2601 1174 1556
3328 1463 1869
480 1678 1673
1877 1461 1889
3204 1480 1810
2185 1521 1844
301 1582 1624
3851 1437 1813
2058 1010 1556
1136 1536 1847
5391 1207 1579
5488 1609 1617
4006 1442 1855
4472 1258 1700
4381 1434 1886
27 1589 1612
2964 1266 1489
290 1562 1495
1276 1566 1824
933 1216 1561
2985 1237 1579
440 1463 1488
2805 1536 1834
3374 1479 1809
1079 1483 1759
45 992 1565
4850 1587 1604
2777 1587 1811
4407 1235 1663
3606 1584 1813
4926 1607 1614
64 1381 1832
4488 1615 1612
17 1621 1745
5841 1611 1613
4279 1594 1550
1353 1589 1561
6060 1267 1630
1484 1511 1840
1423 1553 1493
2526 1456 1874
1778 974 1590
5125 1652 1716
2166 1266 1496
6051 1558 1507
1968 1620 1759
1939 1279 1661
6221 1449 1820
3934 1248 1514
3744 1522 1764
1298 1419 1841
5519 1275 1635
5016 1519 1751
528 1572 1506
4823 1248 1585
6127 1598 1555
3677 1437 1863
2858 1628 1773
1806 1560 1495
2137 1586 1616
1750 1256 1503
2687 1565 1512
132 970 1711
580 1072 1509
5328 1675 1675
5036 1195 1564
5521 1434 1845
1372 1607 1563
2245 1271 1492
3888 1239 1581
2323 1453 1826
4094 1572 1511
2630 1553 1829
3112 1491 1850
893 1498 1798
228 1259 1695
5839 1529 1839
4007 1653 1709
2353 1550 1498
3464 1252 1633
5268 1557 1501
1204 1529 1493
1549 1526 1754
3802 1600 1586
2679 972 1589
1090 1567 1507
2438 1404 1856
1664 1659 1709
757 1605 1561
3370 1538 1493
1623 1552 1834
2190 1479 1815
5617 1531 1490
5258 1576 1820
1086 1479 1761
1207 1595 1599
1186 1591 1560
236 1014 1514
5219 1436 1870
3435 1035 1498
226 1426 1900
1820 1457 1823
3437 1456 1489
4425 1679 1687
2292 1231 1593
1185 1421 1875
2700 989 1541
5263 1465 1876
4452 1605 1581
2567 1522 1757
5212 1458 1890
4166 1007 1560
5273 1684 1675
3864 1514 1759
4990 1531 1841
5458 1220 1589
2019 1549 1493
5750 1175 1554
5395 1482 1849
2513 982 1568
1448 1548 1830
1655 1509 1798
2433 1673 1692
3540 1580 1822
5145 1421 1829
2965 1545 1787
2258 1036 1501
2085 1402 1829
3262 1537 1772
4497 1430 1891
3662 1278 1715
2871 1476 1757
3804 1475 1827
4547 1491 1839
4618 1612 1610
4114 1677 1689
2507 1474 1856
862 1469 1879
3196 1449 1888
287 1552 1842
3777 1446 1852
4207 1584 1818
5141 1461 1804
5378 1500 1807
446 1494 1806
3268 1681 1671
3275 1607 1577
5390 1263 1494
2529 1603 1565
656 1665 1701
6183 1396 1812
925 1516 1800
2193 1267 1634
4236 1576 1512
3401 950 1628
801 1534 1849
769 958 1604
4944 1535 1841
3190 1554 1503
2249 1549 1837
1937 1602 1593
4314 1625 1752
5329 1543 1798
5736 1534 1803
169 1584 1612
1430 1683 1663
1967 1679 1692
1859 1463 1838
4919 1583 1607
3335 1269 1723
5018 1330 1729
1562 1520 1492
4107 1431 1487
2404 1285 1658
1214 1452 1868
259 1420 1893
704 1472 1802
6035 1569 1826
642 1507 1823
1261 1047 1511
3252 1633 1769
5614 1588 1556
2770 1436 1838
585 1460 1846
1566 1616 1758
3550 1474 1806
3019 1488 1847
3567 1026 1500
3365 1433 1490
4342 1480 1833
5040 1384 1802
1447 1440 1834
1471 1601 1590
6201 1210 1576
575 1280 1635
5501 1523 1831
880 1416 1849
5466 1570 1825
4248 1521 1765
1028 1542 1839
2542 1468 1835
4750 1619 1755
5021 1468 1859
5831 1515 1827
5894 1528 1772
3025 1029 1567
251 1681 1657
327 1506 1754
3003 1663 1699
302 1348 1778
1322 1517 1832
4211 1589 1558
970 999 1554
4210 1574 1515
3065 1498 1816
5087 1442 1886
3199 1468 1851
1192 1545 1784
3475 1421 1821
5527 1459 1836
5985 1404 1844
2015 1048 1520
3339 1276 1670
2820 1180 1553
4557 1424 1842
4691 1462 1492
4825 1577 1826
894 1432 1842
1897 968 1585
5472 1574 1511
4143 1575 1508
1533 1584 1628
3774 1684 1680
4686 1589 1607
2588 1470 1488
2133 1546 1789
2241 1446 1835
1046 1486 1748
1631 1042 1497
4423 1680 1666
4741 948 1623
903 1541 1834
2206 1402 1826
3618 1532 1845
5227 1447 1486
5678 1605 1584
2048 1325 1773
691 1561 1500
756 1256 1508
4274 1524 1840
5319 1188 1559
4545 1558 1494
463 1429 1878
2633 1542 1497
2698 1515 1837
6109 1021 1511
156 1589 1625
686 1528 1843
5463 965 1690
2934 1479 1825
4070 1469 1865
4970 1406 1813
3547 1251 1662
5352 1440 1492
775 1595 1608
6001 1682 1678
5535 1535 1492
4681 1547 1498
1293 1591 1627
2852 1237 1586
6185 1544 1491
1742 1267 1490
513 1673 1698
3793 1598 1585
3850 1528 1850
1892 1681 1662
4815 1464 1804
3810 1533 1764
5515 1496 1813
3692 1524 1830
3382 1473 1490
466 1596 1597
2140 1601 1596
2343 1459 1843
552 1493 1754
3068 1472 1855
963 1454 1493
1308 1282 1646
673 1490 1747
5789 1485 1815
887 1570 1513
3107 1598 1547
5170 1224 1579
5586 1438 1883
1042 1460 1490
5088 1590 1620
1839 1474 1493
2457 1061 1512
678 1252 1712
4170 1573 1512
1998 1538 1499
1617 1448 1816
4454 1317 1743
5638 1489 1850
1270 1647 1721
2600 1461 1805
209 1431 1852
5457 1603 1590
2491 1494 1818
804 1533 1769
4115 1592 1604
323 1468 1761
934 1410 1880
2789 1454 1842
4332 1245 1581
344 1474 1755
2625 1467 1766
4524 1005 1528
4280 1424 1869
4398 1409 1836
4360 1479 1861
5287 1564 1509
5743 962 1590
1598 1442 1830
947 1408 1888
2675 1498 1888
561 978 1569
1622 1523 1765
2581 1457 1854
2257 1584 1632
5417 1492 1810
4227 1452 1485
5304 1222 1567
739 1281 1656
1581 1519 1848
4942 1254 1692
1862 1459 1867
4035 1675 1669
4111 1493 1849
4972 1428 1910
2548 1288 1735
4110 1463 1848
5119 1493 1844
2659 1445 1868
881 1479 1818
5132 1589 1609
3513 1234 1570
2833 1463 1864
4943 1527 1845
537 995 1574
4847 1669 1702
5936 1542 1492
5462 1591 1555
6084 1569 1511
4028 1564 1503
1265 1664 1704
6146 1380 1810
245 1468 1863
4477 1684 1665
1475 1309 1763
435 1258 1670
4327 1524 1490
5066 1599 1600
1635 1605 1578
574 1595 1545
5436 1505 1831
5529 1510 1801
3491 1688 1655
4237 1589 1550
5792 1475 1815
2768 1616 1764
6066 1240 1589
792 1431 1908
2461 1463 1831
1751 1234 1588
4991 1056 1508
5650 1465 1845
2786 1684 1655
2221 1472 1767
396 1484 1804
2667 1429 1887
4418 1551 1502
357 1191 1559
4522 1627 1744
3122 1002 1525
4271 1555 1498
5952 1238 1526
2902 1400 1806
4008 1234 1561
1491 1023 1506
2305 1311 1731
4538 1442 1836
5878 1567 1832
3843 1442 1490
4317 1443 1876
4164 1440 1825
1173 1087 1519
4167 1674 1689
4783 1510 1832
3976 1521 1832
455 1270 1494
1814 1475 1490
3479 1263 1502
4728 1261 1498
258 1315 1746
1523 1534 1496
623 1675 1694
3673 1587 1550
4981 1500 1842
4224 1261 1637
48 1657 1705
4833 1474 1852
610 1280 1641
187 1595 1557
3619 1533 1831
1886 1478 1818
3330 1567 1515
5430 1450 1830
26 1295 1731
4887 1051 1500
5531 1637 1617
1100 1264 1487
1211 1480 1779
2017 1571 1844
32 1006 1509
2092 1690 1670
5618 1460 1484
3241 1628 1595
761 1682 1698
353 1616 1604
3400 1697 1676
4937 1568 1494
1550 1525 1483
4242 1690 1672
5824 1229 1535
6237 1565 1487
4179 1698 1683
1323 1611 1605
1068 1418 1462
1414 1585 1515
1392 1637 1739
2116 1621 1576
5598 1483 1482
3104 1619 1563
5981 1612 1577
116 1029 1498
3076 1516 1776
1558 1450 1481
4175 1673 1706
5124 1453 1477
142 1612 1604
2084 1530 1860
914 1449 1474
4411 1219 1549
5641 1620 1604
4324 1231 1542
413 1575 1489
713 1691 1652
6107 1303 1476
5533 1634 1602
3221 1512 1497
2562 927 1607
5371 994 1525
1996 983 1562
3625 1517 1810
30 1463 1478
1718 1544 1795
953 1581 1514
4436 1547 1860
6002 975 1543
1277 1473 1895
4446 1551 1846
3782 939 1641
2895 1089 1509
1194 1627 1608
3918 1602 1536
1369 1542 1869
3788 973 1539
2896 1451 1901
6013 1284 1477
3642 1568 1835
4509 1578 1509
666 1632 1610
1138 1508 1767
1624 1430 1472
3231 1656 1718
4987 1691 1660
1424 1437 1474
4809 1457 1481
6005 1625 1765
1433 1371 1810
1517 1550 1485
5318 1523 1818
5323 1686 1660
2931 1694 1669
3320 1664 1715
4263 1370 1445
834 1551 1489
982 1528 1488
5441 1575 1485
905 1237 1522
2550 1300 1472
5384 1667 1709
1219 1604 1609
4622 1646 1735
398 1494 1764
5652 1516 1481
1387 1631 1604
1292 1472 1779
4598 1650 1723
793 1518 1788
3061 931 1634
5271 1400 1896
4735 1546 1856
5311 1538 1861
2538 1379 1865
4897 1600 1816
3984 1558 1851
3617 1642 1736
4269 1636 1604
5396 1645 1740
2031 1601 1544
4082 1400 1892
1894 1682 1701
3968 1590 1522
318 1692 1657
198 1610 1591
2961 1587 1517
5630 1608 1551
5165 1433 1470
6170 1632 1743
3372 1611 1590
4424 1223 1539
2141 1207 1550
3132 1535 1862
758 1602 1601
1536 1290 1479
3826 1625 1601
3037 936 1607
4980 1601 1549
3177 1666 1712
3762 936 1580
5731 1366 1815
1619 1686 1700
4603 1247 1508
417 1062 1500
3237 1644 1612
534 1217 1552
5648 1573 1495
223 1243 1508
1281 1275 1484
3697 1574 1833
4708 1599 1604
117 1069 1507
937 968 1544
4973 1687 1681
2970 1626 1596
5069 1634 1608
2725 1619 1581
4218 1412 1458
5182 1458 1907
5412 929 1618
5659 1558 1487
687 1184 1540
2038 963 1561
1139 1611 1554
3590 977 1565
4088 1398 1893
2617 1285 1760
4689 1545 1485
4044 1484 1764
4233 1536 1485
2091 1525 1774
4296 1590 1819
747 1278 1479
3352 1596 1525
790 1603 1603
2753 1477 1894
5997 1688 1691
3047 1611 1583
2498 1407 1450
66 1556 1483
3563 1635 1611
981 1604 1534
3683 935 1623
5096 1602 1597
3791 1023 1501
1553 1688 1698
6117 1585 1822
6206 1486 1777
3852 1635 1746
4806 1567 1496
4903 1522 1785
434 1700 1678
929 1538 1484
3350 1428 1468
3063 1519 1820
3077 1500 1487
2584 1577 1500
3733 1616 1579
229 1424 1916
2496 1245 1506
385 1610 1807
4744 1691 1678
5032 980 1543
248 1509 1758
2535 1599 1613
4567 1502 1764
4864 1615 1580
2719 1473 1771
6121 1239 1519
4724 1442 1904
3486 1369 1807
3364 1258 1497
5785 1522 1862
2519 1505 1493
2471 1692 1681
4315 1642 1739
4458 923 1599
1303 1520 1855
3570 1642 1749
5835 1592 1826
2894 1531 1787
5697 1511 1779
2607 1542 1489
1749 1524 1486
2929 1628 1614
5061 1690 1667
5732 947 1672
2415 1382 1884
1174 945 1662
52 1595 1820
4217 1253 1502
5075 1520 1770
2717 960 1576
2304 1695 1667
5123 1494 1759
4443 1685 1689
5560 1272 1481
4984 1498 1772
4363 1454 1906
3454 1379 1844
3111 1694 1665
5920 1604 1613
809 1607 1549
635 1577 1489
3092 1382 1824
97 1607 1812
3720 1603 1550
3739 1696 1688
3545 1597 1615
4335 950 1683
4244 1444 1471
677 1616 1569
4654 1355 1809
5340 1462 1484
5490 1438 1480
275 977 1554
4161 995 1523
1734 1477 1771
18 1033 1493
2033 1627 1759
1972 1409 1453
4778 1689 1686
3586 1530 1793
4138 1440 1472
2767 1583 1506
4753 1512 1491
201 1434 1478
2967 1537 1859
3359 1573 1502
2968 1198 1552
6163 1486 1894
4946 1482 1767
569 1693 1674
1459 1222 1554
1773 935 1633
5832 1600 1618
2653 1529 1485
2288 1385 1849
3216 1305 1475
4212 1546 1864
2178 1296 1477
4893 1476 1766
3889 1500 1773
2685 1200 1550
814 1676 1703
335 1616 1800
5700 1538 1792
2650 1596 1617
4736 1519 1484
3664 1520 1778
3814 1586 1505
468 1551 1856
1327 1687 1699
965 1580 1495
3759 1534 1486
5116 1516 1773
4180 1459 1478
3280 1234 1532
1333 1234 1528
2203 1241 1509
1037 1699 1677
162 1254 1494
3726 1641 1609
3498 1481 1788
5385 1562 1850
4959 1597 1611
1361 1360 1807
3753 1615 1603
77 1018 1499
1603 1524 1778
2818 981 1549
1720 950 1567
2709 1608 1809
3103 1615 1597
1729 1504 1769
2541 1582 1495
2551 1380 1870
2769 937 1601
5479 1532 1783
553 1471 1905
2661 1622 1609
4663 1513 1811
1610 1686 1685
3961 977 1559
4637 926 1600
79 1584 1515
6061 1470 1900
232 1341 1788
3197 1402 1443
1824 1632 1616
5777 1060 1501
6211 1527 1778
3536 1617 1576
1054 1023 1499
96 1505 1490
3484 996 1525
5276 1585 1508
6067 1630 1617
3455 1677 1700
2559 1671 1710
4550 1389 1859
5949 1478 1790
4134 1627 1782
3817 1618 1582
1926 1700 1673
5317 1300 1471
1567 1512 1771
6106 1298 1479
2622 1197 1543
4220 1298 1480
602 1674 1619
6091 1294 1468
4376 1708 1659
5818 1637 1596
5448 1502 1475
5752 899 1578
4619 1495 1792
4795 1601 1518
6154 1413 1436
490 1638 1595
1135 947 1684
4253 937 1649
3539 1486 1793
4467 1593 1508
4900 1616 1808
5862 1486 1912
4373 1517 1796
2935 903 1584
4292 1063 1494
4303 1616 1540
1341 1703 1635
3313 1271 1459
312 1606 1820
1119 1708 1666
521 1255 1485
3417 1610 1814
3441 1611 1523
4664 1549 1878
2427 1613 1546
482 929 1572
4638 1614 1513
4203 1689 1627
4290 1702 1650
1863 1365 1430
3489 1366 1418
1535 1596 1516
5444 1596 1832
5498 1581 1484
4146 1024 1797
5797 1220 1522
1169 1645 1583
1827 1677 1608
3338 1631 1575
1284 920 1579
3510 1572 1477
3792 1612 1497
2754 1361 1435
2494 1672 1604
1774 987 1751
4247 1499 1781
2303 1375 1424
6114 1079 1498
5858 1694 1692
2156 1367 1868
2864 1615 1491
1314 1625 1584
2474 1641 1765
412 1592 1482
5316 1354 1428
2317 1393 1904
1315 1611 1543
2997 1637 1584
4026 1641 1598
1726 1411 1437
4061 1242 1497
3986 1369 1875
2842 1559 1868
3006 1632 1565
2216 1584 1486
3163 1589 1839
5475 1411 1439
5673 1296 1462
3466 939 1675
1609 1570 1484
4289 1639 1747
56 1249 1496
6175 1623 1796
118 1364 1420
1746 1589 1478
2875 1693 1698
3653 1014 1493
5967 1624 1577
1959 1556 1859
3443 1276 1463
2620 969 1537
3088 1594 1494
2606 1249 1490
4699 956 1558
3685 1068 1488
4390 1233 1512
4998 1308 1442
3450 1705 1660
4093 1232 1506
2395 1558 1479
3959 1696 1641
2094 1544 1876
2087 1586 1483
3821 1708 1657
1819 1507 1481
1889 1562 1857
2790 907 1593
1488 1427 1918
2765 924 1565
5545 1700 1659
3260 1695 1625
4876 1655 1736
908 1382 1444
1021 1650 1739
1495 1517 1871
3964 1477 1908
5740 1703 1648
4938 1551 1869
962 1694 1694
3332 1283 1458
5901 1379 1437
4901 1334 1799
341 1558 1474
3707 1570 1864
6241 1629 1790
3448 1036 1483
3756 1266 1467
611 1014 1500
5613 1592 1491
798 1177 1520
3958 1523 1884
4455 1696 1648
3169 1621 1795
2504 1285 1452
2462 922 1626
1940 1508 1479
931 1525 1475
1919 1542 1473
5596 1706 1673
1572 1392 1439
5568 1712 1676
1083 1660 1731
3207 1223 1524
3881 1091 1506
6199 1054 1494
5592 1387 1445
6142 1645 1750
5261 1704 1688
5489 1452 1922
5737 1274 1473
3459 1562 1481
6037 1554 1478
818 1239 1509
1515 1383 1428
1078 1234 1515
2791 1628 1786
4487 909 1595
7 871 1580
380 1102 1509
1164 1698 1632
1084 1479 1912
3183 1700 1654
3218 1510 1487
5626 1692 1629
2797 872 1590
6026 1295 1447
4173 1391 1443
2161 1534 1473
5810 1301 1464
2932 1301 1449
1871 1279 1457
70 1587 1484
3083 1562 1475
1556 1580 1479
1661 1591 1497
4595 1521 1873
2437 954 1542
6115 1508 1489
5068 1697 1657
870 1433 1458
618 916 1560
2243 1305 1437
5327 1379 1434
6205 1499 1484
1640 1625 1795
3925 947 1565
529 1537 1867
5078 1465 1911
5246 919 1576
296 1602 1823
4590 1168 1515
5058 1234 1504
4594 1572 1480
3926 1379 1897
1512 1590 1483
4492 1502 1796
777 875 1593
1157 1590 1832
5105 1572 1865
1499 1385 1442
1449 1547 1480
3281 1163 1511
2057 1547 1873
1045 1565 1478
3312 1585 1493
662 1533 1867
1736 1386 1432
4058 1579 1852
437 1697 1654
2138 1522 1479
2468 1558 1864
3729 1508 1485
4321 1244 1494
1850 1560 1483
3885 919 1600
2276 1369 1433
3446 1570 1853
311 1406 1922
651 1343 1805
1041 1313 1436
2658 1427 1465
2944 1382 1431
926 1706 1684
5449 1624 1799
5778 1499 1482
6059 1691 1705
4696 1520 1472
4192 946 1561
3035 1417 1440
1099 1697 1635
401 1585 1492
2069 1046 1482
5177 1424 1463
1869 908 1597
4732 1314 1789
104 1233 1510
266 1632 1782
1789 1535 1476
3134 1374 1864
3867 1372 1889
1273 1639 1768
1534 1499 1892
5368 1691 1623
5780 1567 1856
6007 1584 1840
2025 1355 1834
1856 1663 1727
3282 1285 1471
376 1310 1437
4127 1273 1462
2742 1682 1705
5257 1511 1794
1529 1364 1439
1404 920 1567
1435 958 1725
3385 1709 1681
4759 945 1691
1611 1568 1852
742 1055 1492
4645 913 1581
5139 950 1536
6038 1700 1685
1058 976 1534
4668 1700 1680
3577 1626 1792
4940 1298 1440
1197 881 1583
3776 1059 1490
4498 1199 1534
1905 1630 1779
545 1709 1659
3979 1427 1460
5577 1365 1437
3492 876 1590
2103 1572 1856
851 921 1553
5109 1705 1682
6229 1565 1854
3447 1704 1650
6050 1651 1738
6102 1521 1476
1403 1492 1788
1740 1507 1484
2064 1552 1879
4219 1531 1478
1657 1573 1858
5497 1226 1529
3198 1530 1475
2930 1168 1512
5593 1634 1754
1654 1405 1445
5004 1248 1484
5523 1530 1479
4983 1708 1679
1251 1527 1474
714 1537 1877
6233 1539 1879
6187 1635 1761
728 1488 1903
3136 1284 1464
4956 1408 1443
370 1485 1900
5262 1431 1461
2000 1193 1533
2485 1188 1536
3834 1706 1676
3950 1704 1669
681 1526 1473
2927 1552 1482
68 1687 1630
4361 1549 1475
1301 917 1605
2776 1303 1465
6140 933 1560
3395 985 1529
1218 1360 1419
5966 1378 1880
5353 1620 1805
1006 1586 1840
3340 919 1553
1629 1601 1827
4879 1685 1712
2225 1478 1917
3010 975 1548
1497 1647 1751
4051 1707 1671
5303 1666 1726
3041 992 1515
3402 1531 1873
5748 1525 1869
4302 1565 1869
1772 1644 1761
1994 1701 1668
4193 1483 1914
5334 1627 1788
2410 931 1542
5167 1489 1897
1033 1275 1458
4336 950 1540
1930 1272 1468
5291 1418 1450
1457 914 1595
2695 1697 1699
4536 1644 1747
3080 983 1521
4496 1715 1658
3295 1442 1928
2088 896 1579
3017 1623 1809
6145 1298 1427
2572 1522 1886
5286 1265 1463
1264 1725 1676
364 1712 1633
4249 1679 1722
1096 897 1574
4541 1705 1704
5856 1084 1487
1059 1710 1693
2598 1550 1887
3535 1687 1719
1831 1656 1747
1400 1368 1408
428 1655 1742
1708 1564 1876
31 1712 1645
1645 1363 1399
2515 1349 1415
4626 1566 1880
6242 871 1562
2854 1717 1684
5205 1355 1825
6169 1026 1485
3140 1695 1621
4191 1561 1890
1644 1371 1406
2266 1431 1928
3039 1093 1494
2575 1023 1481
2913 1700 1700
5344 1683 1720
239 1709 1647
2270 1346 1411
2298 1250 1470
5375 1618 1817
4020 1700 1709
2868 1390 1417
1208 1431 1456
2340 1339 1814
5456 1675 1722
5865 1317 1422
386 1257 1464
871 1622 1810
5082 1454 1927
6176 1567 1875
3558 1601 1835
5579 1370 1898
3482 1365 1401
4548 892 1581
6125 906 1624
915 891 1615
2566 1361 1408
1177 1255 1473
6110 1333 1809
5793 1363 1401
2338 1379 1407
1235 1361 1398
4122 1284 1438
4924 1398 1436
5528 916 1615
3467 1687 1714
4490 1481 1927
1683 1428 1447
3440 1305 1803
3477 1634 1793
1883 886 1571
5131 930 1540
1357 1339 1418
4493 1471 1931
1256 902 1617
3948 1280 1434
5037 1669 1732
313 1318 1417
4343 844 1581
732 1654 1752
3931 1311 1423
2718 1256 1470
1602 1398 1429
2055 1438 1457
3324 1486 1918
6173 961 1531
5601 1536 1892
5747 1330 1409
5451 1098 1491
1745 1626 1803
3329 1290 1443
1855 1276 1441
4251 1360 1410
649 930 1689
5076 1384 1415
3287 1625 1808
1190 1322 1418
2273 1439 1929
2943 1335 1413
784 930 1557
4427 919 1631
5632 976 1514
3418 1696 1712
4437 936 1547
622 1572 1875
984 908 1551
1274 908 1606
2641 1045 1478
5073 1462 1930
6101 1056 1480
3612 908 1619
1660 1563 1879
2265 980 1512
1407 1282 1444
2229 919 1628
1141 1378 1914
2730 1596 1839
6097 1400 1433
1114 1632 1792
41 875 1555
1269 1370 1404
1690 887 1556
4415 1630 1795
2261 1569 1883
2597 1551 1889
2799 899 1585
4855 1665 1737
1518 1367 1401
1803 1425 1450
216 1666 1731
4693 860 1591
3167 1435 1451
5738 1371 1417
3228 1270 1443
3234 1095 1497
3752 1287 1438
5435 1601 1485
2434 1326 1411
4331 1325 1422
4740 1640 1763
86 942 1705
3309 1663 1733
100 1583 1864
964 1347 1839
3366 1526 1895
3354 1417 1436
63 1544 1893
2635 1699 1706
4734 1333 1417
4849 1363 1396
655 894 1601
171 1482 1929
374 944 1537
5346 873 1559
2418 901 1602
4896 1472 1932
6086 1660 1740
4 1430 1451
3416 1382 1415
3004 1345 1406
5414 1700 1706
1564 1591 1845
3427 1299 1433
4747 1329 1415
5382 1398 1431
2917 1613 1816
4599 1484 1926
1236 1292 1803
4726 935 1534
5020 915 1631
2547 1599 1487
5838 893 1573
445 1265 1456
604 1525 1881
5879 1645 1765
1612 1034 1479
1650 1591 1852
1586 1589 1853
997 1104 1503
5026 858 1603
5008 1400 1429
2555 1537 1894
47 934 1535
5387 1530 1889
3884 1352 1411
4961 1370 1412
5097 1087 1486
4491 1598 1490
5420 1640 1781
2062 1463 1927
1818 932 1555
4964 1098 1495
2549 860 1595
4386 895 1583
1885 1652 1747
1539 1342 1421
5768 1492 1912
222 1053 1482
1421 1421 1426
3973 917 1652
4344 1612 1822
2885 1276 1450
3154 947 1533
4635 1407 1435
1857 1568 1883
4731 1296 1438
2563 1288 1431
1022 1648 1754
2677 900 1552
4169 1526 1887
4803 1412 1432
5574 897 1563
5784 1431 1450
2073 1634 1796
3870 1057 1486
665 1407 1932
4126 1090 1489
4064 922 1681
5615 1402 1441
5766 1390 1416
2475 884 1577
1916 1375 1412
2710 889 1569
274 1058 1482
4459 1404 1918
1439 1325 1415
2348 1365 1876
2131 1560 1879
227 1373 1415
2390 1017 1484
4178 910 1612
750 1019 1483
808 1610 1457
526 933 1548
1957 1596 1845
6083 1389 1932
4264 876 1563
6069 1645 1767
4766 933 1710
3346 1639 1775
487 1278 1447
1389 888 1558
2042 1590 1847
5823 946 1533
12 1405 1438
2682 1603 1844
4362 1102 1486
1606 1623 1431
215 1603 1464
5322 1368 1913
985 1500 1910
3105 1563 1428
5934 1627 1416
1105 1413 1422
3669 1251 1449
5179 876 1644
3002 1595 1851
1066 1611 1860
5171 1606 1455
3413 850 1557
138 1672 1745
3595 1613 1449
4096 888 1666
6014 1604 1444
835 1612 1835
1156 1616 1419
1331 1336 1383
2766 1334 1383
3060 856 1541
3341 872 1551
3604 920 1730
3754 868 1672
5093 1257 1446
5553 1435 1445
303 1257 1455
2402 1590 1436
2479 1697 1714
3828 1464 1945
3861 1354 1389
2832 1568 1889
4918 1552 1906
5251 1318 1411
289 1449 1445
2880 902 1681
3123 926 1538
5465 1419 1424
394 1649 1767
1825 1495 1460
2315 1606 1448
4834 1545 1900
945 861 1623
2408 1614 1826
1007 1543 1909
2282 1583 1430
2702 1503 1460
3386 1596 1459
3858 1095 1481
4328 1662 1744
73 884 1614
470 916 1702
1451 952 1519
2204 842 1545
2920 1610 1862
3648 1378 1397
1599 1367 1391
1966 1329 1821
2678 1326 1402
5633 1539 1908
628 1366 1385
1990 1625 1447
4120 857 1648
5644 1619 1460
5937 1538 1904
1727 1497 1915
2196 1486 1462
3499 1589 1858
4552 1692 1719
5267 1093 1475
5769 992 1493
897 907 1662
1878 1487 1459
4262 1611 1421
5836 889 1643
6003 1650 1762
2670 1548 1907
3593 880 1632
3998 1616 1459
4805 1386 1409
5240 859 1537
5343 1595 1448
5721 1353 1406
1203 1611 1449
2481 1534 1913
4190 1671 1733
5232 1692 1722
508 1377 1401
566 867 1547
817 1580 1875
1024 893 1644
1112 912 1543
1561 1360 1382
2188 1645 1774
2697 1344 1393
3150 1316 1405
3708 1581 1433
6089 1347 1404
83 1630 1418
548 1608 1470
1794 901 1534
3094 1581 1438
3480 1629 1423
6152 907 1533
639 1342 1403
912 840 1586
2672 1461 1940
3825 1352 1407
5376 854 1571
3859 875 1671
4575 1377 1396
5639 948 1521
789 1334 1393
3508 1588 1450
3651 1366 1397
5102 1585 1449
5953 1590 1443
2275 850 1598
3172 874 1601
3421 866 1551
4206 1277 1432
4672 1648 1777
5714 1611 1830
5803 871 1542
1925 1239 1468
4341 1507 1907
4752 846 1600
5507 1578 1436
5719 858 1576
1161 853 1685
1416 1030 1476
1504 1612 1435
1530 1629 1415
2716 1052 1473
3383 1428 1421
4824 1593 1450
4957 871 1641
4977 1626 1422
5741 1576 1431
6077 846 1554
1815 1654 1756
2152 1612 1420
2383 877 1546
2624 866 1567
2971 1069 1471
5715 849 1552
5984 1612 1462
108 1292 1420
1426 1620 1423
1934 1026 1477
2098 851 1530
3808 1622 1428
4136 863 1710
6224 1682 1738
2325 1271 1431
3514 861 1608
5248 1578 1885
5370 1627 1429
4066 1261 1451
4712 1327 1390
5494 861 1548
5873 1325 1400
1455 1397 1420
2217 1437 1445
2614 865 1642
2827 1592 1862
3803 1441 1449
4802 1574 1434
4874 1433 1446
1753 859 1671
3423 1570 1434
3938 923 1709
5190 892 1538
6040 1651 1773
167 1598 1447
1263 1703 1713
2219 1355 1400
3573 1325 1395
3646 1249 1460
4457 1437 1446
2022 879 1625
2172 985 1500
2845 1618 1455
6141 893 1638
369 904 1652
1409 1569 1887
3955 1657 1755
4818 851 1547
1788 1438 1444
2359 1664 1751
3174 1620 1419
5432 1608 1460
450 1518 1908
3942 1641 1795
4099 1387 1403
5830 1546 1907
2745 858 1561
3511 897 1699
5425 1324 1406
5692 1701 1715
2060 1614 1468
2255 862 1571
2400 1336 1385
3031 861 1559
3649 1615 1473
3755 1335 1402
5725 868 1536
4319 1622 1433
6049 1620 1432
472 1699 1713
2651 1372 1400
878 1094 1484
1542 1698 1719
1810 1585 1450
3254 1617 1821
3686 1619 1418
349 1494 1459
1829 1591 1867
2403 1369 1396
4563 1585 1867
4612 1595 1443
5829 1646 1770
1118 1623 1814
3027 1564 1896
4553 1444 1446
4962 1694 1718
5962 1620 1445
799 1427 1438
3597 1381 1402
3954 1375 1399
1329 1429 1440
4482 1621 1822
395 1654 1759
2239 839 1555
2495 847 1542
2830 867 1549
3342 1336 1391
5585 861 1612
1401 1695 1720
5455 1084 1477
5887 972 1509
184 898 1659
321 1674 1735
1560 1492 1461
1846 1553 1895
2263 1343 1397
2440 1346 1390
2569 959 1514
2657 1102 1483
2683 1379 1400
3737 1068 1473
4260 843 1560
4604 1537 1902
4634 1358 1391
4669 863 1628
5292 1581 1427
567 878 1596
1202 1398 1411
2589 1617 1417
3580 878 1684
4241 1495 1458
4516 1617 1420
4610 886 1674
6139 1510 1910
999 1000 1494
1130 917 1698
2335 1565 1889
3202 1616 1450
3414 1677 1737
549 1278 1427
1427 860 1563
1621 1513 1906
2740 1610 1476
2794 1337 1395
3038 828 1714
4518 1432 1446
5591 1317 1401
271 1625 1413
1358 1107 1490
1454 1244 1464
2972 1062 1473
3589 1311 1404
8 833 1586
29 1557 1903
1463 844 1710
4837 1607 1463
1570 1302 1417
2256 1618 1434
3700 1581 1878
5011 1616 1465
272 1559 1896
1551 917 1670
1638 855 1544
3667 1575 1435
4075 1240 1471
4299 1400 1417
4674 1554 1899
5115 1611 1432
502 913 1533
2313 1601 1442
2363 1252 1457
4399 1350 1403
4412 1526 1900
1151 819 1697
1411 856 1555
2727 1440 1445
3571 836 1707
4284 1060 1475
4378 878 1533
5722 1596 1449
616 1622 1457
1961 1607 1451
1962 1608 1456
4729 848 1609
5348 915 1542
497 1640 1792
1040 1645 1788
1988 1625 1420
3904 1403 1415
4593 1618 1445
5619 1287 1425
5877 971 1768
624 1426 1419
4430 884 1679
5431 1341 1383
212 1602 1842
865 1628 1438
3321 1409 1420
3501 1390 1411
3876 1312 1817
3914 1572 1894
4141 1282 1431
4639 1622 1443
107 1280 1422
4150 1285 1419
4447 1599 1445
5161 1643 1790
5377 1622 1424
627 1392 1409
2046 1588 1862
4656 863 1564
5140 1617 1437
786 1296 1419
1399 925 1734
2804 1340 1384
3728 840 1588
4027 838 1595
932 880 1647
1206 880 1605
1289 1363 1394
1342 1313 1409
4403 896 1530
4526 1616 1831
531 1703 1709
674 1280 1426
995 1604 1485
3223 869 1576
4162 823 1720
322 1416 1929
716 921 1694
772 1481 1456
2802 1618 1469
3839 850 1707
4201 904 1635
4414 1314 1413
4442 1564 1900
4963 1593 1447
2470 1112 1491
3246 1345 1387
3424 1029 1475
4895 850 1564
6188 1337 1863
958 932 1532
1250 995 1498
2150 1522 1907
2860 1321 1396
3072 1633 1811
4510 1274 1429
6071 1346 1386
1840 1623 1451
2291 1309 1417
3599 1349 1872
4648 1382 1400
5213 1325 1813
5693 1642 1786
203 913 1663
1266 1660 1745
2008 917 1536
2290 1339 1380
2632 1630 1425
3470 1613 1421
4786 875 1683
5162 1343 1875
5883 903 1539
430 861 1675
1826 906 1681
2636 1379 1398
3844 1501 1459
285 1589 1453
670 856 1611
1231 1612 1426
1275 1388 1412
2505 883 1643
3488 1624 1409
3531 868 1656
4400 1418 1930
4821 1603 1459
5083 844 1537
5474 1594 1853
6044 1355 1410
5 1637 1801
81 1602 1849
125 1588 1441
1166 1389 1407
2154 1696 1721
2599 1626 1819
2706 952 1518
3564 1613 1456
4086 1435 1443
4958 1395 1409
149 872 1574
291 863 1535
540 1429 1417
1699 1308 1407
3572 863 1661
3632 1669 1738
4068 861 1615
4499 1406 1415
4804 883 1542
1381 1627 1434
1898 1061 1466
1997 1641 1428
2552 1713 1546
3871 1346 1369
4273 1739 1690
5812 832 1536
695 1613 1405
1087 1661 1772
1364 848 1526
1816 1321 1374
3096 1068 1464
5234 823 1575
231 1590 1881
254 1609 1425
4647 1430 1951
791 1096 1475
2165 1493 1923
3062 1620 1392
5663 1615 1396
6073 853 1736
3211 1632 1466
4857 1314 1384
5158 1603 1856
6164 845 1631
4617 1613 1391
158 1477 1443
1951 1726 1531
2366 1636 1461
3299 1601 1430
1122 848 1575
1320 1711 1535
2511 1638 1441
2738 1475 1451
3227 1324 1370
3399 1305 1402
4777 1538 1915
989 1606 1428
1787 892 1522
3018 1601 1397
3304 1583 1421
4176 1583 1394
4871 1632 1408
5135 1586 1391
5509 1669 1755
5640 833 1611
404 1710 1543
927 829 1541
1395 1631 1441
2798 1629 1468
3143 1733 1534
4188 1703 1720
6230 1729 1536
923 1591 1416
3195 1646 1801
3300 1601 1863
4572 832 1569
5606 1642 1412
645 1626 1826
2300 1449 1417
4535 1714 1713
5423 1336 1375
122 787 1688
134 1640 1448
191 839 1528
500 1045 1468
1836 1750 1676
3935 1427 1433
4213 1600 1861
208 1704 1530
3460 1630 1460
4226 1695 1532
917 1478 1446
1242 1347 1929
2024 1640 1437
2703 1732 1529
4023 1747 1675
2043 1619 1394
3239 1693 1528
3451 811 1686
4549 1640 1446
5045 1622 1834
5189 1694 1726
768 1632 1434
1470 1557 1415
1548 1351 1378
2439 1632 1431
3568 1607 1431
3626 1323 1387
4581 1662 1761
4640 1582 1408
5325 842 1573
1677 1757 1674
1766 809 1708
2785 840 1677
3598 1253 1436
4268 1578 1401
5442 1725 1702
2139 1569 1906
2652 1604 1434
3561 1601 1411
4037 1584 1415
4183 1568 1415
4479 1388 1399
584 1594 1411
1011 1732 1691
2191 1718 1540
5625 1433 1434
920 1246 1446
2199 791 1675
2892 1695 1735
3279 1616 1391
3322 1700 1540
4564 1401 1398
5111 846 1637
832 1233 1451
2808 1581 1406
1062 1558 1912
3438 1702 1726
3502 838 1620
4171 1337 1376
4285 1610 1413
5358 1694 1732
1768 1362 1373
2405 1592 1402
2840 988 1487
4230 1610 1396
4312 1725 1542
5464 1635 1467
175 1440 1435
4101 1354 1920
966 1322 1384
1514 1763 1666
1636 1605 1847
2924 1434 1414
3217 1597 1404
2819 1107 1478
4606 1385 1960
5299 1480 1451
810 1698 1530
1285 1003 1480
2399 1731 1533
4031 841 1516
5357 1245 1456
5681 1571 1906
2387 1567 1416
3051 1235 1458
4788 1447 1437
853 1400 1399
1170 1638 1399
1977 1606 1437
991 1723 1543
1391 1748 1683
2184 1434 1437
2986 1541 1916
3602 1693 1736
34 1691 1737
571 1354 1373
3128 1615 1410
4209 802 1687
4608 1715 1537
1019 1632 1463
2536 1624 1829
3149 1295 1407
4630 808 1696
263 1439 1412
2375 1692 1728
2539 1412 1414
5610 1346 1900
511 1614 1402
2714 1359 1381
3807 1557 1422
4947 1425 1429
5733 1284 1411
1344 1411 1410
1704 1454 1437
4346 855 1518
182 1565 1425
3972 824 1600
6009 1287 1415
475 1335 1371
1150 1568 1421
1682 1258 1437
2036 833 1678
3220 1702 1535
3569 1340 1369
4771 1629 1393
5015 1442 1432
5544 1566 1419
5986 810 1691
6065 1066 1460
270 1365 1959
781 1570 1406
1595 1751 1672
2976 1708 1546
4234 1420 1416
795 1602 1412
924 927 1524
1396 1349 1368
2784 1637 1453
4471 1012 1476
330 1718 1527
2013 1756 1675
2132 1761 1668
2828 910 1524
3620 1487 1452
5281 798 1705
2545 1415 1412
3679 1420 1948
3682 1638 1433
3787 1560 1425
368 1697 1729
2520 1578 1904
3721 853 1520
5422 1417 1407
505 823 1580
744 1690 1743
973 843 1665
1014 815 1693
4046 1606 1398
4394 1017 1471
5794 1320 1377
5919 1309 1394
442 1645 1407
2691 1354 1378
5154 1566 1405
145 1623 1400
1473 1738 1692
6093 1413 1416
6159 1489 1454
1 1602 1427
621 1562 1421
949 1705 1533
1212 1383 1396
1918 850 1512
3730 1598 1402
3905 815 1672
5060 836 1664
5558 844 1522
633 1413 1942
1217 1469 1441
1233 1595 1418
2811 1484 1946
3688 1639 1429
5787 1691 1730
89 1619 1407
1035 828 1565
2322 1405 1411
3056 1652 1790
3245 1728 1539
4300 1642 1799
4676 1643 1430
5270 1764 1660
1585 1268 1418
5645 1624 1402
6166 1415 1411
213 863 1524
473 1630 1466
650 1609 1408
5846 1497 1456
1031 1402 1404
2571 1519 1915
3066 1708 1538
153 1066 1468
1117 993 1490
1432 1608 1403
2849 1633 1405
4801 1448 1419
4909 1729 1698
5708 1596 1399
2061 1605 1407
3610 1632 1400
5897 1327 1370
148 1633 1421
262 1581 1413
308 1109 1486
452 1600 1415
1200 836 1522
2645 1706 1537
3118 901 1521
3526 837 1537
4546 1294 1404
518 1441 1436
693 1630 1455
2591 1286 1415
3615 1600 1403
4533 1610 1406
6171 1564 1409
1417 1648 1798
3126 1593 1876
3833 1591 1423
4196 1648 1794
4391 1592 1429
612 831 1562
5133 1423 1423
773 1364 1383
952 1595 1434
3284 1635 1435
4494 1341 1376
2534 1599 1869
3698 1573 1409
4862 1465 1439
4953 1637 1393
5975 1633 1464
474 1116 1481
565 1438 1417
986 1669 1758
1013 1600 1424
4222 1249 1446
6144 1074 1466
2732 1631 1437
3298 978 1501
4369 1761 1663
6219 1623 1395
703 1458 1437
826 1688 1741
886 1243 1413
2595 845 1517
4102 954 1754
252 1594 1409
2369 1498 1455
2397 1353 1371
2066 1576 1396
2326 1406 1408
3463 1637 1445
4792 1529 1928
5203 1422 1411
5243 884 1721
2050 929 1525
4232 1435 1433
4322 1736 1693
4432 1633 1394
4707 1366 1379
5231 1284 1417
1095 1618 1403
1600 1598 1864
1730 1577 1415
2565 1393 1393
3699 1504 1456
824 1597 1424
2393 928 1526
5881 1760 1662
1359 1065 1463
2543 1598 1407
4392 1361 1377
1575 1640 1417
1821 1649 1789
2169 1036 1466
2254 1731 1539
4705 1252 1426
5001 1635 1438
141 1708 1530
1010 902 1529
2888 1511 1450
3127 1717 1709
4506 1396 1396
5827 1596 1431
1587 1575 1898
2108 1652 1789
2990 1727 1536
3323 1633 1468
4380 1437 1409
4851 797 1669
5250 1609 1413
5309 1379 1389
2649 1571 1898
2962 1634 1410
1376 846 1530
1569 1241 1448
1811 1495 1929
2296 1438 1430
2510 1239 1451
4045 1695 1725
4782 1234 1426
5476 1711 1715
1973 1355 1933
4746 793 1695
5932 1490 1449
724 1735 1695
811 934 1529
1038 1233 1443
5496 1342 1374
992 1639 1452
2213 1721 1703
3557 1611 1848
4065 1638 1807
5289 1502 1450
5654 1422 1428
3516 1631 1469
4799 1662 1766
5469 1326 1380
427 1721 1533
1519 1447 1414
2003 1381 1394
4748 844 1620
5514 1686 1750
5922 1629 1451
373 1673 1754
1489 1542 1926
4596 1639 1413
5034 1319 1393
5542 1629 1405
235 1641 1441
267 1301 1404
426 874 1528
813 1552 1921
2168 1605 1418
2937 1335 1928
3549 1290 1411
3766 1709 1537
1721 806 1682
3767 1628 1399
4016 1551 1916
4195 858 1523
4441 825 1585
5224 896 1524
5581 1626 1459
5611 1600 1433
6179 1493 1449
1911 1571 1903
2081 1559 1411
3481 1372 1945
3991 1743 1681
1626 1644 1424
1667 839 1569
2345 1642 1809
4605 1643 1806
4489 1694 1534
5772 828 1543
72 1320 1388
573 1567 1425
2580 1595 1411
4832 1330 1369
5089 1468 1443
277 1332 1372
2083 821 1739
2441 1266 1428
2631 1537 1921
3375 814 1654
4571 1566 1409
172 1620 1836
1120 1291 1408
2332 790 1683
2801 1378 1383
3716 1508 1449
4419 1353 1377
4607 1756 1666
5999 1550 1922
3953 1629 1436
4239 1486 1931
2211 790 1692
2537 1633 1449
3694 1641 1430
179 1279 1414
1408 1606 1441
5211 1432 1430
946 1642 1436
1410 1626 1449
4408 1428 1411
4565 793 1671
4773 1072 1467
432 1253 1433
560 1556 1419
3627 906 1525
4032 1025 1470
5112 943 1521
5280 1427 1945
5547 1715 1708
5723 1656 1770
5870 1343 1379
5963 1572 1405
1398 1234 1464
950 1474 1445
1672 1699 1741
2347 1682 1751
3473 1723 1537
3794 1312 1385
5013 1586 1421
5072 1613 1868
5253 1249 1445
715 1606 1416
1643 1745 1681
1765 1262 1424
1922 1737 1687
4930 1590 1413
82 1663 1763
720 1492 1455
1081 1363 1374
1823 822 1563
3048 1644 1414
257 1722 1541
260 1730 1535
1757 1325 1385
1913 976 1501
2018 1745 1677
2448 1691 1531
5242 1598 1422
5255 1410 1405
65 830 1554
292 1407 1402
2445 1735 1691
436 1559 1417
921 1741 1688
1167 1432 1416
1559 1642 1810
1003 1268 1426
2715 1665 1756
4433 1629 1824
5134 1100 1471
3949 875 1712
4566 1657 1776
237 1250 1435
1351 1635 1463
3445 829 1558
3921 865 1729
1634 980 1498
2898 846 1629
3862 825 1605
3874 1571 1417
5735 1306 1397
351 1593 1408
1579 1337 1870
3960 1604 1439
4722 1686 1734
882 1697 1735
1378 1561 1906
2324 1753 1680
2681 1499 1450
3069 1727 1540
4117 1049 1468
762 1570 1904
1521 1723 1528
1952 1664 1767
3661 1653 1778
3847 1587 1879
5099 1639 1403
5347 1513 1923
6126 1347 1377
6236 1719 1545
873 1432 1436
1642 1583 1404
4294 1444 1417
1229 1720 1535
4570 1617 1839
5142 1519 1924
298 895 1525
348 1376 1390
846 1096 1469
5005 1030 1470
5806 1430 1431
6120 1048 1466
365 1642 1418
3388 1638 1419
2311 1314 1397
4434 1628 1446
5990 1584 1404
120 843 1634
3091 818 1561
5629 1659 1774
6193 1653 1787
2423 1700 1727
2480 1497 1451
2721 836 1553
3261 1758 1673
4449 1620 1398
5401 1649 1785
5959 1591 1421
147 1625 1393
503 948 1516
2882 1373 1942
3170 1077 1463
4791 1444 1421
5765 1336 1366
6123 1390 1396
1799 1346 1371
2751 941 1526
3070 1725 1534
4286 1008 1481
5106 1401 1402
6231 1519 1917
620 1571 1411
1093 1084 1470
1154 1502 1921
2586 1567 1907
3854 1757 1670
4798 1315 1379
3219 1008 1470
3293 1754 1689
4112 946 1508
6029 1750 1518
293 1382 1963
748 1454 1408
2638 828 1514
2933 812 1608
3456 1743 1698
3725 1511 1929
5052 1654 1450
586 1596 1893
1162 1689 1528
1804 1653 1454
4266 1751 1506
1030 1730 1523
3796 1324 1366
4925 1751 1521
5023 1755 1545
5027 1258 1419
5696 1638 1466
6168 839 1515
617 806 1673
1775 1721 1559
1984 1084 1458
3131 1755 1509
4845 771 1697
730 1754 1684
1123 1750 1528
3050 1238 1420
3652 1331 1963
5062 1734 1511
5164 1742 1516
5186 1224 1434
5447 984 1480
5712 1534 1426
94 1732 1586
1354 1731 1508
1356 1659 1410
2049 1754 1690
4410 1492 1437
5649 1651 1396
841 1358 1959
1780 949 1513
3892 1369 1367
152 1770 1666
4587 1590 1895
5017 1740 1538
4819 829 1634
4843 1230 1439
5888 1519 1932
667 1447 1425
829 1456 1424
3674 920 1515
3678 1723 1551
5760 1272 1406
415 921 1514
546 862 1523
664 1737 1537
1178 1722 1504
2411 1248 1421
3842 1462 1414
4021 1755 1540
4054 1357 1364
5033 1733 1705
5202 905 1514
414 1504 1938
2068 1041 1460
2333 1761 1685
2506 1349 1357
3797 1445 1403
4484 1750 1499
4853 1331 1363
5666 1561 1926
6202 1369 1372
5454 1608 1859
948 1710 1722
2299 1574 1920
2522 1308 1379
4592 1775 1658
4949 934 1517
5206 1369 1963
5264 1734 1518
5285 810 1593
5470 1744 1503
1126 1746 1691
2889 878 1520
3835 1727 1507
4025 1742 1525
4240 1756 1522
5954 767 1702
827 1433 1402
1039 1382 1380
1291 1615 1851
3806 1364 1365
4838 1433 1409
183 1391 1381
355 1002 1472
998 1746 1509
1082 942 1514
3358 1642 1815
3813 1633 1824
4121 1395 1387
4662 1761 1521
5288 1770 1659
6048 1490 1445
4316 812 1637
5321 1654 1403
5813 1732 1550
5996 1069 1456
1437 1741 1502
1697 1704 1725
5706 1448 1405
154 1256 1398
2053 1432 1407
5931 1729 1593
6245 1733 1503
849 1656 1430
1662 1229 1403
3054 979 1486
3696 1341 1356
3809 1728 1517
4631 1435 1401
706 1700 1746
1370 1746 1518
1835 1445 1399
3601 1722 1556
4313 1717 1522
4478 836 1510
5487 1223 1429
5500 834 1656
5634 843 1505
1205 1241 1397
2728 1764 1674
3717 1733 1603
5400 1350 1972
5993 1759 1531
6210 1309 1382
974 1378 1375
4716 1246 1398
5239 1507 1443
5911 1726 1553
568 1744 1534
646 1028 1466
1055 1739 1515
3238 1714 1550
3616 1750 1545
4128 1750 1540
4165 1735 1702
4706 1126 1477
5181 1749 1510
5647 1465 1426
1419 1459 1419
1456 1724 1562
1709 1727 1705
2126 1500 1445
3608 1112 1467
4153 1713 1525
4396 1232 1417
5156 1462 1433
342 1492 1444
559 1344 1364
654 1342 1358
752 1619 1866
1461 1737 1506
1715 1712 1517
1716 1703 1526
2070 1235 1409
2556 797 1656
3138 1652 1417
4955 1604 1864
1234 799 1678
3745 1736 1550
4641 819 1542
5341 1573 1916
74 1747 1513
844 1732 1517
1936 1656 1407
4043 1757 1504
433 1718 1718
4426 1737 1530
2272 823 1628
4375 1708 1514
5991 976 1490
1182 1333 1915
4083 1718 1513
5360 1716 1554
5843 1234 1402
39 1417 1398
1443 1372 1971
2684 1594 1900
3778 811 1623
4160 1511 1446
5411 1335 1360
1077 1123 1469
1954 1405 1397
2863 1657 1793
3462 1352 1362
4355 1730 1703
4383 1559 1926
5059 1725 1709
5552 1086 1461
2197 1494 1440
4975 1263 1392
5410 1745 1693
5539 1487 1437
6151 1514 1442
3173 1233 1410
4372 1610 1892
4982 1741 1694
5175 1730 1589
5680 1548 1925
304 1718 1518
448 1613 1858
1363 1399 1390
3614 1250 1398
4960 1408 1961
5086 1459 1432
493 1231 1420
1748 1527 1431
5992 1346 1362
692 1436 1960
1927 809 1606
2153 1766 1679
2269 1510 1933
2583 1414 1398
2756 809 1551
2941 1473 1439
3761 1372 1374
1098 1227 1420
4287 1736 1697
1526 1222 1449
1890 1408 1390
2460 1753 1542
4719 1516 1435
5012 1646 1816
5459 1656 1427
2626 1429 1400
2711 1318 1367
2923 1681 1760
3719 1405 1956
3738 1357 1355
1402 1509 1446
1731 800 1673
2143 1503 1445
2904 1349 1964
2977 1695 1754
5746 1719 1548
593 801 1576
1115 1326 1948
2136 817 1564
2486 1530 1427
2521 1518 1438
6082 1745 1526
2001 1746 1536
3429 1413 1402
5817 1712 1513
5837 1734 1522
5951 1774 1646
591 1478 1440
2198 1653 1415
3970 1463 1435
3206 1488 1443
4562 1466 1436
4578 1699 1751
5019 1771 1642
1843 1223 1414
1929 1586 1897
84 1664 1777
1258 1756 1689
3278 1249 1393
3908 1734 1552
4187 1500 1441
438 1758 1514
504 1341 1362
4042 1314 1369
2182 1757 1522
185 1063 1452
3529 1694 1750
3705 1229 1430
4585 1721 1498
4643 1268 1413
4813 1758 1510
5404 1735 1533
5968 1772 1658
1027 1481 1442
3780 1757 1514
4761 1228 1453
4772 1646 1815
5646 810 1601
389 1733 1525
2469 1672 1760
2936 951 1507
3500 1736 1531
3585 1698 1523
225 1736 1701
2052 1736 1539
2810 823 1531
3710 1408 1970
5679 982 1481
3528 1228 1414
4103 1227 1413
770 1580 1907
2464 1610 1879
5682 1705 1516
5821 1674 1768
4379 1728 1549
5149 1239 1440
5277 1603 1882
5637 1039 1460
5041 1222 1448
3303 1219 1426
4060 1731 1562
4177 1359 1367
4614 1299 1388
2175 1716 1514
2316 1725 1555
2483 1456 1414
2813 805 1581
3308 1237 1411
557 813 1555
583 1656 1785
1785 1735 1503
2412 1483 1955
1070 1415 1402
2388 1061 1459
3008 1755 1520
3915 1470 1432
4334 1712 1523
4976 1080 1459
754 1729 1596
3628 1727 1594
4109 1707 1518
6208 1740 1523
6220 1759 1538
4994 1662 1781
3305 1434 1425
3894 1235 1439
4620 1064 1455
5188 1354 1366
5627 802 1563
496 1720 1711
1172 828 1529
3253 908 1512
3827 1678 1758
4820 1749 1522
1018 1652 1401
3392 880 1519
3928 1306 1389
4118 1277 1406
1153 1242 1433
1246 1226 1455
2792 1228 1432
2796 1299 1393
4013 1724 1706
5393 1739 1541
3205 1244 1407
3743 806 1596
3988 1751 1512
4665 810 1626
5413 1743 1494
5761 1757 1503
5970 1478 1432
6011 1701 1523
2125 1758 1544
2839 1535 1422
4776 1701 1741
190 1645 1400
422 1239 1400
890 902 1517
4259 1644 1395
4543 833 1514
4582 1238 1409
4733 1627 1832
2578 1403 1391
2806 1769 1675
3742 1741 1513
3978 1600 1884
4067 1696 1526
5690 1458 1427
1365 1519 1434
3093 1364 1368
87 1499 1437
1332 1744 1545
1702 1649 1420
3255 1247 1399
1029 1733 1551
3641 1127 1478
3857 1621 1844
5906 1666 1774
6239 1671 1773
1020 1389 1386
1091 1469 1429
4621 1646 1398
4697 774 1721
5860 1717 1503
6054 1667 1774
2938 1430 1404
2978 1271 1413
4091 821 1666
698 832 1519
1469 1723 1594
1947 1364 1970
2859 1249 1412
3361 1718 1508
4056 816 1609
4986 1648 1808
5339 1753 1536
5795 1018 1468
5854 942 1767
972 1404 1387
2428 1253 1398
140 1734 1498
3270 1297 1396
4967 1484 1443
5802 1355 1356
1912 1048 1456
2075 1259 1414
4468 1738 1500
4660 1300 1394
5070 988 1480
5148 851 1766
2122 1729 1563
2744 1263 1409
2758 1774 1651
3877 1448 1404
5929 1310 1944
1049 825 1534
1797 1735 1526
3490 1736 1494
5183 1277 1409
5779 1647 1412
193 1340 1355
899 1274 1412
3718 1699 1744
4891 1463 1421
4922 1742 1546
144 1730 1551
1802 992 1482
3033 825 1517
3841 1520 1436
5863 1709 1728
4858 1752 1525
5709 952 1510
174 1501 1440
828 1759 1542
975 1732 1569
2319 1673 1765
3452 1677 1756
3582 1386 1968
5525 1682 1755
1360 1614 1850
3980 1413 1392
845 1709 1738
2476 1711 1547
3897 1770 1639
4073 1238 1439
491 1410 1957
4041 1598 1892
1385 1660 1776
1527 1252 1424
2115 1265 1415
2422 1386 1382
4695 994 1477
5215 1648 1402
5788 1663 1776
197 1240 1433
361 1704 1729
4277 1733 1604
4717 1681 1757
5118 1618 1872
486 1722 1518
1425 821 1544
1576 1657 1422
1762 1303 1390
4789 1653 1429
5369 1736 1699
5434 866 1752
5566 1090 1459
5671 1307 1386
3 1443 1404
306 1598 1876
1781 1753 1519
1949 1459 1415
2707 1657 1798
4580 1225 1422
6128 815 1564
1689 1738 1530
1904 1415 1966
5580 1609 1866
249 817 1554
2619 1514 1937
3116 771 1725
510 1509 1938
2208 1731 1565
2909 944 1758
3256 1670 1767
4092 796 1748
4456 1748 1535
4912 1112 1472
5187 1471 1959
1383 1733 1599
1986 1722 1509
2809 771 1694
5923 1514 1437
5995 1768 1661
1260 814 1559
1568 1453 1415
2034 1318 1366
2186 1620 1864
2743 824 1539
2891 1303 1843
3007 1754 1529
3145 1243 1422
3420 1715 1547
3775 816 1638
4683 1237 1422
4704 1442 1954
700 1408 1400
960 1649 1407
4421 1605 1870
5254 1754 1530
5942 1257 1391
1418 1651 1802
2731 1729 1500
3089 1239 1413
3647 1562 1929
3740 1369 1366
4384 813 1570
4438 896 1515
131 1238 1425
268 1740 1520
2310 1230 1455
2568 1682 1523
3836 978 1493
4915 1424 1403
6194 1644 1811
822 1747 1689
2148 1729 1566
2735 1397 1394
2846 1361 1362
3594 1490 1441
3712 1695 1745
4611 869 1515
4749 1739 1524
5530 1253 1411
1067 1706 1732
1719 1614 1881
5867 1433 1423
6155 1523 1436
105 1441 1401
554 1754 1510
1653 1724 1496
3723 1386 1384
4907 1464 1417
556 1609 1857
743 991 1475
1193 1417 1402
5819 1737 1521
5847 1731 1594
861 1639 1816
1097 1503 1440
2380 1441 1430
3347 1733 1561
4307 1624 1860
5043 821 1762
421 1360 1363
3373 1656 1404
5950 1601 1874
314 1386 1378
2285 1725 1511
4827 1228 1440
5941 1062 1455
717 1700 1519
2344 1255 1394
3099 1741 1701
4359 1522 1433
4514 1317 1375
4568 1757 1529
5332 1450 1429
6098 1350 1365
35 1257 1407
1852 1775 1652
3703 1456 1963
4609 1654 1790
5354 1733 1502
5405 1686 1756
3773 1733 1556
4306 1573 1914
4480 1451 1425
5771 1510 1437
587 1769 1638
736 1658 1788
4142 1295 1391
4574 1594 1892
4780 1309 1932
5169 1733 1605
797 957 1504
1507 1224 1437
2250 1556 1929
2307 1659 1425
2890 1446 1411
3587 1650 1419
408 1731 1501
541 1583 1906
918 1730 1504
1247 1460 1430
1978 1087 1460
5438 1482 1432
6016 1232 1432
469 1720 1554
767 1723 1515
1563 918 1515
2708 1742 1523
4554 1244 1435
5014 1755 1527
5600 1589 1900
5905 1715 1504
343 1732 1593
659 1641 1389
1554 1471 1428
2089 1246 1430
4730 1767 1662
5774 1716 1524
1224 1650 1404
5880 1743 1689
1116 1428 1423
2223 929 1514
3993 897 1518
4144 1708 1526
4305 1747 1531
5373 1539 1423
5397 1645 1394
206 1078 1454
1502 1721 1514
2117 1706 1521
2384 774 1686
4147 1736 1536
5786 1443 1409
872 1736 1546
1377 1751 1686
61 1649 1424
2579 1677 1762
4721 1661 1407
911 1305 1362
5392 1677 1498
733 1001 1460
1763 1507 1946
2382 1744 1615
5226 1700 1515
362 1717 1729
888 1599 1910
971 1746 1591
1076 1671 1432
1132 1743 1572
2570 1747 1702
3371 1757 1479
3638 1355 1329
990 1775 1518
1259 1685 1770
2761 1722 1453
3085 1783 1634
4113 1678 1779
4204 1767 1484
5308 1773 1543
5971 1753 1455
4527 1752 1456
5381 1662 1498
6156 1502 1427
2487 1776 1631
3476 1400 1379
326 1262 1395
2076 1745 1588
3933 1133 1459
1509 1741 1561
2023 1677 1493
2218 1659 1393
5055 1685 1514
1506 1618 1390
1833 1390 1372
2297 1776 1680
2478 1503 1436
3818 1736 1591
5402 1218 1405
509 1781 1631
590 1383 1356
1428 1650 1820
2063 1675 1451
3457 1273 1392
3505 1784 1660
3566 1689 1521
3966 1421 1391
339 1051 1450
381 1664 1795
2232 1671 1498
3251 1740 1706
4080 1731 1715
4149 1753 1569
4521 1706 1746
5090 1745 1569
5704 1413 1389
1012 1352 1347
1960 1727 1464
2942 1574 1925
6147 1744 1484
1680 1046 1452
2660 1309 1370
2886 1349 1350
3412 1305 1372
3496 1730 1466
5406 1748 1696
5651 1597 1901
5801 1751 1577
3977 765 1741
6255 1677 1485
951 1520 1426
2082 1759 1477
2459 1554 1410
2488 1775 1670
4140 1787 1648
5071 1213 1406
5513 1737 1478
5642 1632 1840
384 1418 1386
1072 1309 1369
3316 1708 1744
3368 1547 1945
5192 1683 1522
5595 1752 1474
299 1607 1885
1191 1580 1919
1903 1393 1374
2466 1574 1935
2472 1703 1508
2554 1666 1490
5128 1440 1394
6012 924 1511
358 1672 1424
2834 1765 1636
5842 1763 1493
6122 1471 1424
1152 1671 1409
2212 1378 1362
2763 1666 1436
2919 1720 1736
3078 1304 1931
3551 1739 1568
3887 1467 1409
4005 1692 1503
4544 1128 1469
4797 1508 1428
241 1447 1382
1127 1667 1419
3160 1713 1739
3314 1783 1665
3345 1686 1516
3562 1397 1380
3609 1766 1497
233 1715 1745
709 1745 1574
3044 1724 1459
4928 1726 1485
5079 1674 1446
5587 1741 1477
2 1330 1357
188 1288 1391
402 1636 1840
3722 1348 1333
37 1270 1401
1209 1738 1587
1921 1269 1383
3265 1738 1555
4387 1427 1384
4677 1485 1426
5150 1345 1336
516 1783 1644
638 1645 1371
2262 1674 1510
3377 1732 1449
3676 1750 1487
3899 1479 1422
1063 1763 1479
3709 985 1475
3795 1390 1359
5471 1684 1476
443 1218 1401
3224 1641 1369
4500 1648 1378
3097 1747 1607
3430 1452 1389
5101 1759 1483
307 1467 1423
2096 1459 1402
2099 1462 1408
4208 1761 1507
5174 1747 1449
737 1783 1652
3882 1744 1449
4154 1683 1484
4591 1682 1491
4657 1701 1510
5366 1680 1494
5608 1217 1398
5734 1713 1460
3465 1741 1473
5209 1579 1384
1891 1686 1475
3397 1758 1457
4055 1342 1350
1899 1716 1735
2947 1738 1479
4081 1280 1398
4688 1750 1477
166 1764 1501
788 1213 1427
807 1332 1358
1670 1304 1367
1807 1740 1592
1932 1742 1463
2760 1622 1849
3109 1367 1350
4283 1629 1839
5295 1668 1492
5326 1681 1508
5814 1568 1397
2787 1722 1477
3873 1746 1491
4123 1748 1583
5152 1644 1378
5461 1119 1462
441 1092 1446
1346 1729 1482
3690 1312 1363
6203 1314 1361
119 1701 1506
524 1725 1455
4098 1741 1583
4559 1342 1339
4745 1336 1352
4767 1736 1561
4929 1734 1487
5022 1676 1504
5024 1696 1516
5324 1734 1462
5683 1666 1501
444 1648 1385
2432 1746 1584
2696 1743 1578
3013 1571 1390
3336 1661 1391
3840 1668 1499
1692 1769 1688
2244 1522 1940
2409 1661 1398
2824 1498 1947
3426 1761 1487
928 1351 1339
1693 1597 1904
2086 921 1509
2289 1741 1570
2837 1655 1384
3225 1738 1564
4095 1744 1606
5955 1340 1336
1478 1760 1690
2610 1745 1453
3555 1752 1565
2242 1776 1635
2762 1338 1340
3584 878 1751
5297 1684 1503
1053 1726 1494
2544 1768 1494
3349 1751 1485
3363 1671 1410
3576 1301 1384
4992 1708 1752
5427 1740 1581
5460 1374 1365
5473 1669 1445
387 1668 1400
968 1665 1403
1338 1756 1482
5486 1749 1482
5695 1743 1459
340 1756 1462
456 1334 1339
1845 911 1510
1945 1747 1454
3800 1740 1452
4501 1668 1415
4702 1610 1903
6213 1354 1335
837 1594 1912
2095 1592 1914
2354 1786 1662
3956 1776 1491
25 1377 1357
1711 1532 1940
3120 1737 1469
3378 1758 1695
3433 1315 1357
4308 1371 1353
4475 1748 1614
6174 1359 1345
146 1367 1986
802 1522 1943
1222 1300 1373
1540 1561 1401
3165 1774 1676
6111 1317 1861
4235 1427 1978
555 1702 1758
1210 1670 1423
1516 1696 1511
1651 1719 1465
1884 1773 1681
4785 1395 1372
729 1740 1466
1125 1660 1418
2816 1731 1712
2950 1686 1490
5770 1723 1480
935 1727 1476
4670 1614 1889
4985 1353 1353
850 1680 1478
943 1346 1353
2072 1565 1401
3214 1739 1456
4320 1714 1729
6253 1727 1719
980 1620 1878
2020 1626 1850
5889 1728 1475
600 1750 1569
683 1573 1394
1294 1544 1937
2214 1721 1474
3171 1701 1756
4354 1651 1391
6105 1609 1875
956 1562 1398
1582 756 1726
5084 979 1476
1596 1727 1458
2114 1744 1595
2195 1723 1462
2676 1752 1571
3822 1731 1493
3981 1751 1460
6251 1684 1494
3285 1737 1577
3898 773 1667
3924 1302 1898
4297 1744 1709
4353 1327 1345
996 1661 1426
2202 1330 1351
2420 1743 1480
4200 1291 1388
5274 1678 1514
1752 1763 1691
2492 1481 1962
2699 1749 1454
2987 1604 1388
3032 1709 1743
3727 1282 1389
4216 1739 1491
969 1750 1463
1393 1671 1414
1678 1658 1396
779 1299 1378
2817 1645 1377
3053 1748 1485
4910 1673 1507
5926 1770 1499
631 1740 1587
2252 1360 1352
4636 1675 1491
5356 1326 1349
5825 1697 1759
796 1735 1483
840 1641 1376
1017 1574 1387
3527 1781 1675
4435 1752 1480
774 1778 1663
2149 1662 1430
2360 966 1488
3591 1555 1937
4405 1296 1380
280 1586 1919
2235 1691 1498
2582 1777 1642
4892 1330 1347
5590 1378 1358
316 1761 1497
494 790 1754
3259 1628 1867
5223 1376 1361
1741 1721 1735
4486 1688 1503
5221 1667 1508
2690 1091 1451
3713 1742 1711
4157 1718 1462
4440 1715 1740
597 1743 1603
1722 1289 1388
3860 1765 1482
4318 1755 1491
5244 1602 1898
1948 1770 1679
1995 1758 1451
2002 970 1485
2642 1682 1499
3891 1745 1613
5660 1387 1370
5822 1311 1363
2821 1772 1498
1465 1746 1704
2330 1644 1375
2836 1371 1981
4448 929 1509
4511 1680 1481
5917 1325 1356
904 1723 1468
1089 1712 1745
4836 1737 1582
4917 1745 1616
246 1333 1345
483 1733 1474
2248 1732 1487
2605 1737 1714
3187 1723 1473
3264 1359 1337
4768 1617 1882
5546 1757 1486
979 1370 1351
1268 1381 1373
1976 1785 1659
3644 1775 1640
5138 1499 1940
1165 1682 1519
1295 1711 1729
1879 1393 1359
3760 1752 1484
987 1713 1732
2453 1019 1460
2759 1747 1457
3043 1720 1456
4711 1385 1368
2356 1736 1486
5538 1786 1654
5450 1005 1462
2278 1069 1447
2807 1084 1450
3790 1741 1610
5874 1395 1376
1462 1534 1944
2194 1691 1527
2450 1693 1519
2612 1328 1355
3607 938 1507
5157 1379 1984
5871 1371 1355
6131 1769 1503
977 1756 1489
1501 1273 1378
2113 1754 1478
2577 1562 1404
4615 1789 1655
563 1735 1476
3102 977 1477
3319 1751 1451
4194 1652 1376
4931 1294 1383
5200 912 1505
214 1596 1915
644 1335 1341
889 1348 1349
3848 1680 1479
507 1503 1943
896 1303 1379
5439 1675 1513
1232 880 1510
3995 1338 1347
4560 1780 1650
5928 1742 1449
6072 1391 1377
1405 1773 1635
2628 1057 1451
3967 1767 1479
3985 1095 1449
5707 1770 1485
6190 1685 1506
1882 1359 1333
1963 1726 1716
3965 1732 1483
4602 1781 1673
5468 1781 1659
5796 1337 1343
2795 1734 1712
3244 1779 1639
4097 1691 1517
5107 1613 1899
243 1547 1941
820 1734 1591
836 1687 1496
1286 1137 1459
1865 1787 1663
3087 1735 1583
3286 1738 1482
3711 1777 1667
3879 1399 1373
4793 1764 1487
5085 1386 1375
883 1340 1342
1375 1302 1381
1876 1774 1501
4503 1557 1942
1296 1738 1605
2045 1658 1391
2327 1698 1505
3000 1356 1336
3990 1714 1742
5095 1329 1977
5136 1747 1572
5869 1680 1492
5948 873 1507
0 1514 1940
297 1688 1510
377 1743 1465
3071 1736 1460
3114 865 1510
3805 1133 1466
4261 1649 1375
711 1746 1609
821 1693 1523
5130 1733 1469
544 1085 1449
891 1730 1462
2867 1350 1333
3621 1760 1455
1379 1320 1354
1801 957 1500
2079 1626 1844
2389 1442 1966
4784 1377 1364
5002 1741 1599
578 1737 1602
1705 1377 1358
3011 1780 1676
3504 1672 1486
5230 1786 1636
5477 1693 1513
5866 1734 1575
6055 1009 1457
913 1373 1360
942 1748 1480
1300 1604 1886
1710 988 1468
2341 1777 1494
3194 1054 1446
5811 1334 1348
22 960 1497
1025 1033 1457
1739 1346 1344
3369 1301 1370
4402 1672 1494
1000 1744 1488
1004 1670 1509
5210 1665 1394
492 1694 1520
1243 1369 1359
1394 1780 1657
1510 1689 1508
1842 1745 1450
4826 1349 1330
5980 1765 1686
868 1723 1724
3135 1751 1593
4076 1338 1290
4406 1385 1309
6244 1764 1624
684 1784 1485
719 1786 1679
2312 1769 1445
4010 1765 1451
5394 1277 1381
4186 1549 1393
6232 1694 1473
192 1705 1485
224 1772 1623
522 1414 1345
3695 1415 1336
3997 1797 1504
5098 1628 1378
14 1769 1629
399 1386 1313
1094 1766 1625
1700 1349 1276
2177 1775 1691
3022 1565 1386
3040 1406 1351
4588 1782 1680
5056 1365 1327
5717 1371 1340
5767 1660 1379
5983 1269 1375
54 1421 1335
2286 1285 1387
3291 1592 1921
2071 1589 1379
4333 1428 1338
1288 1428 1343
1476 1124 1446
3113 1742 1718
3763 1572 1381
3957 1763 1616
5907 1755 1611
50 1334 1290
2662 1796 1646
2855 1367 1289
4184 1359 1287
4288 1396 1339
4466 952 1795
5622 1761 1701
3144 1761 1585
3765 1337 1327
5676 1363 1301
5899 1413 1330
2991 1724 1730
6200 1618 1382
2602 1357 1285
4323 1606 1381
4337 1799 1655
3235 1763 1599
5104 1556 1399
5754 1430 1336
3645 1291 1365
6045 1406 1347
1873 1266 1372
2151 1410 1349
3546 1790 1622
5908 1621 1389
15 1760 1601
2171 1399 1333
2585 1407 1993
3139 1380 1280
3201 1280 1381
3212 1759 1704
4063 1349 1306
4737 1332 1321
4923 1592 1371
5669 1798 1643
6118 1329 1326
1326 1338 1330
1590 1793 1662
1688 1765 1602
2865 1799 1637
4029 1754 1577
4215 1798 1468
479 1765 1620
1241 1361 1285
1671 1555 1397
1784 1791 1626
2284 1411 1330
5526 1343 1288
5805 1662 1376
186 1416 1343
204 1758 1619
1129 1610 1383
5196 1616 1901
5840 1293 1366
2147 1328 1332
2421 1389 1291
2473 1582 1944
2489 1433 1338
2803 1387 1348
3001 1280 1376
4667 1755 1615
1390 1789 1632
1915 1059 1438
3124 1389 1284
3181 1756 1626
3542 1579 1377
4974 1415 1348
5939 1363 1293
269 1620 1376
4633 1560 1395
6000 1421 1345
4904 1650 1365
5293 1351 1293
5333 1095 1444
5428 1366 1301
6080 1332 1292
1505 1360 1283
1614 1630 1385
2121 1427 1331
6033 857 1493
85 1374 1317
1253 1653 1370
2027 1411 1361
4000 1270 1377
5744 1355 1307
6234 1794 1516
755 1331 1316
1340 1352 1322
3075 1733 1723
4256 1297 1363
4769 1565 1390
4842 1087 1442
5594 1627 1380
2334 1605 1377
2689 1335 1318
4100 1363 1313
4589 990 1463
5562 1126 1446
5677 1753 1587
1131 1314 1344
1334 879 1506
3098 1799 1640
3895 1642 1363
5064 1759 1584
5900 1744 1714
6010 1392 1291
3829 1374 1325
5054 1417 1341
1895 1535 1951
2127 1349 1314
2843 1351 1277
5389 1709 1755
5875 1757 1607
2778 1789 1620
3734 1406 1366
3941 1748 1592
4540 981 1471
5275 1353 1300
5816 1391 1296
168 1323 1339
2093 1564 1381
3182 1609 1373
3640 1341 1278
4301 1761 1618
5374 1339 1282
5756 1718 1746
423 1761 1576
749 1383 1279
838 1377 1312
2028 1620 1890
2124 1354 1290
3086 1651 1369
4199 1674 1394
4613 1794 1657
6088 1020 1454
6216 1368 1289
1668 966 1478
4139 1760 1612
4723 876 1502
200 1401 1329
1987 1412 1338
2253 937 1496
2592 1124 1454
2639 1360 1299
49 1382 1292
1057 1340 1318
1279 1384 1341
2029 1551 1390
3186 1764 1697
3910 1761 1627
4347 1675 1405
4808 1629 1871
5467 1765 1587
5844 1339 1993
6063 1719 1747
6246 1711 1751
1052 1677 1397
2530 1762 1580
680 1303 1358
1148 1377 1318
1983 1749 1713
2992 1606 1373
3693 1416 1355
5909 1674 1390
6081 1666 1380
2368 1376 1311
2523 873 1502
1580 1795 1633
1896 1407 1331
2564 1385 1346
3356 1623 1887
5495 1351 1285
708 1792 1668
1065 1380 1352
1555 953 1490
3503 1319 1344
3665 1758 1699
3680 1350 1321
4811 1578 1380
5282 1623 1893
5312 1790 1672
1282 1772 1690
2376 1714 1749
5773 1790 1640
1679 1749 1599
2349 1324 1334
2960 908 1799
5408 1429 1335
6024 1300 1365
2414 1791 1513
4202 1371 1286
5849 1613 1909
320 1292 1371
653 1364 1335
2009 1378 1336
2737 1353 1325
3512 1600 1375
4275 953 1491
4519 1793 1653
5415 1672 1396
5492 1101 1445
5698 1608 1907
2729 1556 1386
2893 1498 1953
3518 1326 1993
3781 1619 1897
5249 1711 1760
5452 1422 1339
5621 1294 1373
127 1796 1661
1608 1655 1374
3404 958 1487
3681 1732 1717
4927 1561 1391
5730 1052 1444
660 1293 1361
1056 1768 1622
1649 1333 1286
3670 1642 1358
5443 1120 1449
5927 1371 1294
2812 929 1500
3764 1385 1297
4053 1610 1388
6198 1673 1402
907 1790 1629
1382 1398 1989
3838 1395 1341
5074 1278 1370
5688 1112 1441
1487 1759 1608
2502 1405 1358
3210 1110 1448
4104 1763 1630
4151 1130 1453
4282 1632 1379
4700 1755 1704
4755 1563 1393
5103 1798 1635
940 1409 1334
1032 1288 1382
1434 1387 1279
2983 1112 1445
1795 1414 1349
1860 1756 1572
2041 1389 1311
3130 1746 1708
3929 1632 1854
4908 1761 1624
5502 1344 1285
5703 1384 1285
407 1795 1514
1490 1426 1339
2337 1631 1856
3142 1799 1647
3357 1775 1628
3449 1787 1664
3553 1568 1380
4129 1304 1361
5511 1705 1760
6182 1383 1301
2328 1735 1728
2594 1401 1351
4429 1387 1300
6204 1290 1373
2436 1761 1630
2780 1484 1969
3474 1375 1295
5570 1633 1849
6112 1585 1371
110 1604 1380
4652 1337 1284
139 1631 1390
2077 1710 1757
3327 1754 1599
3832 1789 1668
5573 1422 1328
5655 1313 1352
379 1677 1401
2026 1382 1302
3384 1361 1993
4340 1656 1366
5199 1749 1588
6041 1404 1345
1605 1144 1461
2557 1763 1610
2655 1661 1385
3432 1399 1342
3886 1375 1994
5783 1084 1440
176 1593 1936
533 982 1464
1283 885 1503
2295 1413 1350
2720 1595 1381
2775 1506 1952
3110 1386 1360
4038 1408 1338
4155 1414 1332
4229 1757 1596
4483 1708 1759
6052 1570 1374
346 1393 1347
2128 1605 1912
2234 1753 1702
2406 1790 1646
3932 1414 1327
4694 1619 1903
4934 1284 1378
6225 1382 1275
588 1713 1758
1817 1792 1622
3724 1782 1674
3769 1383 1277
4968 1423 1342
4979 1751 1616
5605 1368 1283
2293 1740 1723
3057 1794 1641
5631 1557 1403
5960 1728 1726
5998 1323 1346
62 913 1499
740 1764 1606
5549 1774 1624
6250 1773 1629
3301 1757 1707
4071 1576 1376
4830 1587 1926
1615 1117 1448
2911 1614 1388
3306 1631 1381
5256 1745 1710
5305 1373 1292
324 1010 1460
489 1670 1394
562 1774 1688
2192 1386 1281
4576 1595 1927
33 874 1503
2385 1755 1606
2065 1408 1346
5578 1612 1912
5612 1605 1910
5994 1551 1393
2120 1410 1351
2988 1537 1949
5572 1645 1364
345 1095 1441
1106 1384 1299
2712 1423 1345
3289 1778 1628
4069 1399 1364
4397 1770 1631
702 1628 1879
1943 1488 1955
3074 1784 1629
4309 1398 1358
2748 775 1645
4214 948 1492
4709 1377 1294
4835 1664 1386
876 1388 1303
1047 1783 1626
3360 1770 1692
5359 1608 1387
5607 1382 1286
1196 1522 1952
1239 1802 1473
2671 1396 1336
3052 1398 1338
3164 1421 1330
3419 1795 1626
4172 1401 1334
4883 1386 1301
5160 1753 1584
5674 949 1487
596 1602 1916
2183 1787 1666
2367 1753 1609
2596 1750 1602
211 1379 1285
1798 1386 1290
6030 1408 1348
738 1645 1365
2351 1590 1370
3509 1375 1282
4513 1418 1325
4882 1721 1729
5007 1754 1707
5896 1377 1352
157 1598 1369
282 1392 1340
2220 1547 1954
2497 1664 1388
2910 1400 1359
4597 895 1500
1352 1756 1582
3189 1779 1686
4022 1407 1326
126 1790 1656
2394 1748 1610
2558 1009 1451
3156 1788 1515
4357 1439 1981
6004 1757 1588
1287 1668 1393
5214 1622 1386
6008 1539 1953
2104 1384 1302
495 1396 1356
1953 1723 1733
2435 968 1482
3937 1464 1970
5178 1300 1965
5670 1109 1442
23 1559 1946
1198 1366 1285
1594 1316 1350
2230 1568 1389
2914 1608 1373
5603 1407 1362
5635 1124 1448
5930 1635 1386
2576 1774 1625
2781 1032 1453
3559 1628 1886
2969 1604 1373
371 1388 1301
1637 1787 1623
3046 1379 1290
4265 1735 1724
4389 1646 1362
4841 1333 1283
530 1794 1518
1366 1572 1373
3302 1598 1371
5260 1064 1439
6057 1759 1604
4687 1402 1354
5848 1786 1670
6138 1637 1381
1744 1790 1651
1875 1408 1343
2176 1612 1380
2508 1648 1371
2884 1570 1376
2957 1727 1740
288 1722 1741
3523 1399 1347
4625 1597 1922
5850 1631 1855
1920 930 1791
5701 1580 1375
5918 1404 1330
55 1567 1385
1307 1586 1372
1944 953 1492
2205 1411 1353
4756 1552 1387
4939 1579 1942
5946 1794 1663
2873 1404 1360
3485 1117 1446
4996 1405 1339
614 1413 1343
2016 891 1500
2431 773 1646
2666 1556 1393
3082 1701 1762
4814 1759 1698
6006 1414 1357
1397 1025 1453
2993 975 1471
4523 1547 1395
13 1715 1756
1946 1403 1341
3909 1668 1383
4715 1393 1300
5925 1782 1683
2283 1388 1307
2686 1025 1454
4529 1818 1472
4954 1574 1370
629 1324 1286
759 1809 1505
1993 1374 1273
4627 1331 1267
5524 1565 1368
1769 1631 1886
3428 1750 1722
4245 1412 1312
5238 1319 1287
5512 1613 1917
5565 1291 1278
3635 1437 1329
4001 1635 1882
4116 1804 1496
2442 1789 1448
4004 1679 1388
4246 1371 1281
310 1659 1363
570 1800 1467
1064 1324 1299
1701 1647 1850
1808 1809 1464
3297 1782 1619
3639 1797 1617
3785 1290 1251
2054 1396 1330
2764 1816 1488
2861 1304 1342
2953 1589 1366
3266 1645 1350
5657 1817 1503
864 1399 1299
3407 1737 1741
6090 1618 1371
884 1287 1265
2989 1646 1336
3243 1641 1860
5153 1285 1262
309 1339 1271
5653 1554 1382
776 1316 1282
1108 1549 976
2590 1604 1367
3155 1352 1271
4278 1729 1742
129 1639 1876
1796 1564 994
3783 1562 983
219 1813 1480
1271 1770 1586
2831 1776 1447
3158 1080 1435
3947 1403 1313
6046 1623 1908
2331 1785 1689
2822 1326 1283
3945 1808 1509
4539 1768 1581
4583 1772 1699
92 1776 1616
150 1432 1320
1337 1767 1589
2416 986 1459
3799 1790 1461
4119 1795 1620
5077 1770 1700
5958 1807 1468
205 1559 1373
338 864 1496
519 1807 1474
944 1403 1293
1460 1578 1962
4682 1106 1435
5885 1789 1681
6158 1649 1848
356 1619 1917
2540 1770 1597
4011 1811 1510
5421 1804 1462
1632 1289 1935
2158 1793 1458
2499 1566 1371
3971 1024 1447
6036 1811 1499
40 1810 1514
641 1803 1622
2134 1798 1511
4790 1682 1393
397 1551 1382
930 1320 1274
1474 1777 1700
1691 1317 1297
2514 1440 1327
3288 1411 1318
4601 1077 1433
6015 1388 1271
1324 1803 1666
2574 1813 1462
3015 1062 1436
4090 1393 1305
4453 1286 1274
4650 1747 1723
694 1408 1316
875 1803 1516
1107 1317 1291
1316 1769 1603
1991 1651 1338
4181 1394 1308
4502 1419 1319
5484 1283 1262
697 1588 1364
2267 1553 993
4059 1660 1357
5092 1556 987
5399 1369 1277
1482 1776 1437
1713 1776 1440
2274 1734 1740
2463 1319 1280
4132 1812 1495
1942 1811 1623
2101 1710 1767
3868 1347 1268
2240 1333 1266
2271 1810 1470
2956 1799 1464
3520 1768 1436
3684 1400 1328
4684 1737 1738
5184 1715 1763
5350 1643 1340
5403 1642 1339
2006 1803 1460
2110 1770 1611
4932 1806 1655
1854 1606 1362
2444 1637 1371
3064 1791 1687
4106 1317 1307
577 1648 1348
579 1007 1447
936 1618 1356
1373 1611 1358
1498 1547 990
1867 1786 1448
3119 1807 1475
4276 1547 984
5218 1331 1269
5233 1809 1612
5337 1380 1276
5718 1757 1710
859 1552 1372
1698 1770 1438
1980 1102 1432
2603 1548 1001
3129 1807 1656
3337 1650 1359
4352 1558 991
4666 1401 1324
5510 1589 1360
178 1782 1452
506 1555 1380
898 1292 1262
1189 1298 1345
3034 1296 1252
3999 1399 1280
1493 1722 1757
1520 1610 1368
1950 1783 1621
3084 1761 1706
4366 1557 982
5121 1556 1370
6143 1599 1363
514 1805 1644
5009 1563 1363
6108 1289 1254
1343 1814 1469
1791 1810 1651
2823 1800 1661
3257 1413 1304
4460 1566 1003
5857 1667 1370
6096 1393 1276
1080 1649 1342
1513 1782 1613
3845 1708 1767
16 1627 1900
3179 1550 979
2899 1668 1359
57 1638 1378
5126 1804 1473
36 1503 1985
1573 1802 1465
3732 949 1480
5151 1799 1613
5290 1745 1720
5416 1790 1446
2119 1422 1307
2417 1295 1261
2916 1395 1316
3215 1768 1619
3596 1802 1515
5163 1000 1449
630 1560 978
1051 1762 1432
1230 1292 1284
1479 1357 1270
1864 1816 1499
3296 1391 1272
3578 1323 1306
3633 1802 1645
5053 1726 1751
6136 1803 1502
6137 1431 1326
1313 860 1500
1503 1805 1657
2623 1401 1298
4349 1631 1366
4382 1560 1366
4505 1811 1644
424 1799 1623
1336 1775 1443
2051 1317 1285
2876 1790 1615
5505 1412 1309
1304 1650 1344
2736 1795 1454
3042 1601 1365
3090 761 1659
3168 1813 1492
5003 1777 1609
5383 1787 1611
5694 1584 1362
1216 1385 1274
1380 1809 1493
2106 1660 1348
2372 1402 1286
3487 874 1495
6064 1775 1698
1648 1659 1352
2215 1808 1497
111 1568 993
1547 1355 1275
2281 1584 1368
3605 1774 1601
1005 1791 1612
1009 1741 1737
1110 1324 1291
4250 1421 1319
5482 1294 1288
5687 1409 1300
1532 1806 1649
5940 1595 1358
1328 1773 1587
1970 1560 1958
3024 1791 1680
3603 1616 1365
3786 1779 1612
5426 1552 998
5518 1779 1623
5957 1291 1248
20 942 1489
863 981 1458
2746 1801 1672
2874 1737 1736
2900 1322 1293
3095 1633 1362
4999 1800 1524
1088 1802 1461
1574 1563 997
3263 1309 1335
5398 1637 1854
5861 1293 1249
3748 1612 1363
5799 1291 1246
5898 1432 1330
6240 1776 1621
75 1675 1375
1592 1326 1273
1914 1404 1311
2107 977 1461
5197 1634 1371
5882 1666 1374
671 1788 1443
1931 1428 1322
2159 1429 1317
3175 1413 1321
3533 1099 1434
5628 1026 1443
333 1327 1280
3012 1746 1727
3538 944 1486
3581 1564 989
4238 1565 1010
5576 770 1643
6254 1803 1450
1102 1558 1001
1227 1115 1433
3290 1785 1615
4130 1366 1280
551 1678 1392
3115 1046 1439
4469 1786 1574
5556 1414 1299
5563 1294 1256
3863 1631 1893
815 1780 1581
6042 1406 1288
93 1390 1282
1240 1605 1928
2167 1295 1248
3537 1291 1290
5987 1042 1438
6076 1558 1376
1485 1798 1522
2401 1813 1502
3410 1804 1619
6184 1338 1273
1113 1425 1313
2329 1815 1486
255 1315 1335
383 1777 1438
1440 1568 992
2090 1607 1955
2374 1610 1372
3318 1604 1358
3469 1286 1255
4867 1808 1463
5453 1353 1267
6195 1631 1897
58 1780 1439
1228 1764 1433
1828 1765 1712
2928 1550 1002
3403 1303 1345
4252 1328 1295
5168 1111 1435
5259 1429 1310
5602 1769 1617
5914 1396 1285
451 1074 1433
1133 1781 1693
1175 1293 1268
3213 1791 1677
4087 1767 1435
4401 1789 1456
5672 1288 1262
2350 1809 1634
2482 1546 1387
4364 1409 1296
5049 1797 1458
334 1806 1457
2201 1562 1010
3507 1555 987
3853 1664 1370
4812 1557 1006
5300 1813 1617
6043 1780 1606
6133 1821 1496
1244 1771 1705
1777 1815 1495
2713 1804 1470
4464 1780 1691
4703 1645 1333
2771 1769 1702
5039 1091 1437
5536 1778 1694
866 1774 1444
2673 1565 1962
2862 1808 1624
3267 1547 1375
3890 1597 1360
3974 1553 1376
5689 1031 1445
76 1644 1856
467 1819 1474
2546 1784 1695
3506 1634 1374
4507 1430 1320
5686 1559 1002
6223 877 1496
